p_storage1,p_storage2,p_storage3,p_storage4,p_storage5,p_storage6,p_storage7,p_storage8,p_storage9,p_storage10,p_storage11,p_storage12,p_storage13,p_storage14,p_storage15,p_storage16,p_storage17,p_storage18,p_storage19,p_storage20
.97762275,.94393343,.79978591,.67768282,.59955484,.47056264,.36625186,.27574715,.24307604,.16029559,.11230251,.091019981,.058111191,.048821073,.034041405,.017662879,.0084688663,.0044777729,.0026840318,.0010066569
.56030464,.4744795,.32132289,.27335942,.18920574,.1440488,.06432128,.039295699,.054300852,.021269873,.012484504,.003489123,.005059951,.003076592,.00058034784,.00053816795,.00007430464,.000036585552,.000022809796,0
.015573036,.0098190745,.0070953215,.0036248148,.0023844209,.0013254145,.00067315059,.00040615819,.00026090757,.00015666071,.000067462926,.000020272622,.000014342857,.000011373829,0,0,0,0,0,0
.24907853,.18841505,.15243731,.094634958,.068584427,.051630318,.036220729,.028080901,.012033421,.0079036113,.0046927365,.0025906181,.0012117142,.00060121971,.00014048768,.00011934667,.000087803055,.000033385229,.000014220057,0
.24281225,.20076637,.14832737,.10825782,.074173979,.06759122,.039448649,.026436128,.011071949,.0083236368,.0060024913,.0042728824,.0015131212,.001113672,.00054552936,.00031660587,.00018818022,.000081785314,.000064489665,.000012533718
.99627036,.84566092,.73686445,.56477135,.42761192,.32296321,.23876683,.17357135,.1360745,.063876234,.042826049,.018473683,.020011552,.0093766479,.0031663699,.00063293515,.00087134831,.00011408941,.000048120644,.000013326751
.29572254,.24898441,.16588841,.1196892,.086640358,.05395874,.046427056,.026665691,.018657725,.0083044348,.0067391759,.0028976409,.0021318381,.000995868,.00071209681,.00018011496,.00007089274,.000050050621,.000021409476,.000018119395
.98659551,.87760925,.73250908,.61124712,.37326631,.3242625,.26486355,.19435446,.13125463,.082084417,.047441389,.025878001,.0089253802,.0063674129,.0066480632,.0032336146,.00037527352,.00043639794,.00030735249,.000037105459
.30546656,.37333065,.4469642,.54068887,.6424191,.73741335,.88345248,.90689063,.83409715,.73400724,.5122354,.50112277,.36430407,.30991974,.24795966,.18807699,.052855074,.084225148,.023353925,.013223255
.80972838,.91611338,.9447453,.88200641,.77495664,.60616916,.51936489,.43745089,.32821327,.24839234,.16112477,.13455828,.099520043,.057757776,.023124622,.027334224,.013132036,.020698983,.0014148473,.00034702645
.22652121,.27197167,.39596212,.41797072,.50205302,.55554301,.71371287,.91741979,.97868079,.75886732,.68790913,.58322525,.5235818,.39602679,.12317456,.159693,.055637848,.078179598,.011930198,.025768001
.096297041,.11835883,.14652567,.20592529,.23087052,.28664729,.4198103,.46845597,.4496302,.78323483,.87900817,.94309664,.89763379,.80413026,.50321013,.45136622,.24456513,.33002231,.061179888,.11834539
.50293797,.37502196,.2427811,.15339617,.085619099,.05159837,.041541774,.024562275,.0082318429,.0074083158,.0023868557,.00076878595,.00052519236,.000090554531,.000047714355,0,0,0,0,0
.74631143,.63952702,.5560683,.48560488,.38163757,.31991434,.26961669,.20808679,.15502688,.11592744,.080312625,.056285243,.04453554,.027535647,.019112211,.012051363,.0068797846,.0033614952,.0033499433,.0011209578
.2743822,.22248816,.16428377,.13519537,.10271401,.064970002,.053482845,.036248494,.025824914,.012241337,.0087968418,.0053437022,.0053438339,.0018356208,.0012686636,.00086193689,.00029591986,.00016513965,.000098191878,.00002708771
.46531928,.36895037,.26887721,.24996395,.21488588,.13822278,.10641071,.05014585,.039957386,.030587424,.0085040014,.027450072,.016199099,.0051900768,.0022503908,.0018289937,.0024523849,.00066657271,.00032576994,.000015195695
.39209756,.4904882,.64595342,.80340225,.94836795,.97615874,.78262722,.62699383,.54822654,.35376111,.29445559,.18303823,.077880554,.038614884,.028225949,.006499433,.010343291,.0025592684,.0008473128,.00018358183
.79659647,.89751804,.91924727,.98872864,.89647639,.80964375,.76996589,.72503698,.51114243,.57042199,.46398076,.41567472,.27508223,.31046718,.17011721,.14372908,.17838494,.14143828,.075453855,.060943097
.72485811,.87938875,.95019704,.79389524,.67094308,.52061951,.37209144,.26404881,.19199382,.11599976,.088981651,.039448563,.028189454,.016524561,.011836851,.0040656426,.0011419337,.00063722121,.00013553174,.00016116633
.70785385,.95208603,.8967188,.68800902,.48274329,.32868606,.250907,.1069243,.051820982,.028892474,.018146403,.0048881751,.0021423902,.0006426652,.0003234428,.000029942299,.000012563495,0,0,0
.55480611,.69011021,.83205813,.99899155,.80244994,.67555642,.52760154,.37364268,.26362646,.17910339,.07009878,.055684123,.026398549,.014828712,.0056056394,.0046453709,.00091516227,.0006260454,.00014692295,.000034896184
.52032053,.39475048,.25865716,.17945638,.15992175,.093732201,.040444423,.028025603,.014447668,.010426997,.0036887301,.0014007285,.00056283158,.00021432646,.000067978406,.000028318947,.000010413127,0,0,0
.89107937,.775895,.62857068,.51891834,.40280059,.33232597,.27806416,.14012469,.12017909,.067966998,.060851954,.024515834,.016299793,.0074219257,.006193364,.0013736755,.0015152484,.00037720593,.00018665158,.000088723304
.34227264,.45813465,.59357542,.75752717,.97629434,.96102226,.6298086,.49473786,.41284409,.27179173,.16023712,.10747286,.048174299,.02609797,.025204709,.018400826,.0029039192,.0014910493,.00077585253,.000305633
.50379711,.40390122,.27999151,.2503731,.16694881,.099329613,.050289646,.034610238,.034589652,.013603286,.007724484,.0035623161,.0027138628,.0004777326,.00051664846,.000050847284,.000082336504,.000015789077,0,0
.31990176,.25821093,.22489856,.17081137,.14278191,.11498477,.078342855,.053335458,.04419269,.034115382,.020762274,.015048278,.0098948954,.0067036967,.0050680321,.0021144259,.0012829758,.00088583131,.00046601088,.0003740227
.01252101,.0072057308,.00454468,.0023433103,.0012640322,.00048495678,.00033467519,.00014776544,.00010451002,.000028822173,.000016371494,0,0,0,0,0,0,0,0,0
.67448103,.53565484,.38261604,.26424751,.19119023,.12600645,.087457851,.063722603,.028955055,.0081612868,.0061498582,.002949432,.001135567,.00057827687,.00015642059,.000027282518,.000023030219,0,0,0
.42194656,.33934841,.24093114,.21134253,.15923028,.097448364,.082169041,.058398373,.036587439,.032596134,.013622885,.012778847,.0040104259,.0043126638,.0011764461,.001686616,.00059471774,.00011742521,.00020910276,.00011117991
.63083798,.51581383,.38219514,.29875237,.23609592,.19772068,.13257317,.062617481,.044538997,.034084715,.023984808,.011445415,.0070453715,.00755256,.002362519,.0012065314,.00037906703,.00020908205,.00010937757,.000038254628
.026405951,.015392635,.0096669355,.0055651036,.0025888961,.0014078364,.00044985526,.00028920936,.00014532296,.000057657868,.000014464879,.000017058295,0,0,0,0,0,0,0,0
.29070029,.19818726,.11494558,.07561145,.043402795,.02717426,.012739543,.0059851916,.0029434357,.00070021767,.00062232919,.00014672827,.000047486956,.000015013507,0,0,0,0,0,0
.60522681,.72937489,.78467685,.88073272,.97934783,.85444492,.68061364,.55762768,.44426361,.46937367,.29738647,.23251478,.20150205,.12472091,.053129334,.039166383,.01440437,.017474761,.010828329,.0094242441
.0050823414,.010687418,.017286306,.038551945,.058229417,.10155257,.15997054,.3619113,.47875938,.60759705,.92723203,.78696007,.71932137,.54499602,.17788665,.17698404,.033641201,.025843615,.013400202,.0019962438
.90741342,.75884575,.64445412,.48707896,.33862403,.26480904,.22142494,.1593589,.083417371,.063932091,.041417524,.022255117,.010744651,.0035771425,.0037887953,.00052455656,.00062945363,.00044221312,.000087743108,.000044871773
.82968163,.94199908,.88353938,.70328063,.62491006,.51312578,.37383747,.26539338,.16773276,.13789061,.10925241,.068281002,.038370557,.025448479,.011195704,.0083116526,.0038696497,.001435434,.00097351498,.00042634885
.89114445,.75491339,.63197696,.46396679,.40479657,.27873835,.2016909,.18441059,.098847814,.063696079,.054080699,.019166388,.014138352,.011276294,.0044217934,.0023121485,.00057228561,.00039549093,.00023172557,.00014706719
.3202363,.4390932,.60866004,.72643536,.99906451,.875673,.63385135,.53727436,.29965523,.20072198,.13714196,.069210984,.036349963,.011246962,.0072454377,.0022341001,.0010274153,.0004242553,.000074960342,.00013075284
.76740634,.6244303,.51259649,.38222578,.29073435,.18151882,.15566269,.10075942,.048259091,.048927475,.0069865678,.011125613,.0072033,.00045287385,.00065265974,.00040659346,.000037657595,.000029420478,0,0
.15257874,.10077754,.058304135,.042902887,.023596052,.013166074,.0078802444,.0029126122,.0025157204,.00086822803,.00020761703,.00024024633,.000053159671,.000023633245,0,0,0,0,0,0
.91949046,.76411688,.6523875,.54375589,.40417969,.2825799,.20813452,.15857065,.082766362,.062070552,.046172235,.027583001,.011386815,.0082953908,.0036080002,.0013578377,.00074876699,.00030329125,.00010131879,.000033836979
.17700861,.12101739,.075045176,.043890249,.025988592,.021088559,.01180163,.0031100034,.0024177772,.0013989022,.00064751593,.00031707474,.00011547151,.000026105439,.000018787356,.000014394627,0,0,0,0
.87846398,.77116871,.68504447,.56092358,.44984815,.3143703,.2408161,.16756545,.1343706,.13415645,.047028862,.046491884,.023555322,.02775705,.011341138,.0087197423,.0047371299,.00052865571,.00025855383,.00043190902
.38641766,.32197541,.22723272,.15342948,.11473598,.083977453,.065566182,.036029555,.02760496,.018797148,.012199806,.0069467239,.0024233207,.0021646956,.00089067483,.00029728239,.00040392534,.000090073765,.000035673187,.000020451196
.71360356,.62361175,.5608747,.47564483,.42881864,.34109119,.27301845,.24348739,.19790547,.12548509,.098029889,.094251111,.048835572,.041608311,.026601354,.020446932,.014346459,.0056467047,.00522466,.0067899288
.70036161,.79056603,.93200195,.98445547,.86743718,.80569929,.6590721,.60260624,.44636023,.40281719,.31791216,.22117251,.13975461,.12588316,.059176866,.040617406,.03484283,.018085625,.019305173,.008489077
.33899289,.27222314,.21957698,.19675313,.13045737,.091168508,.059422765,.029448051,.049251512,.02320946,.013534762,.00442388,.0048838966,.0036625112,.0024746053,.0014386161,.00058703637,.00028933992,.0003338308,.00014413426
.24792644,.19085251,.12759209,.0892841,.065957889,.043117493,.025860015,.013777049,.0096088368,.0063586012,.0058585829,.0014577189,.00098012597,.00044992348,.00020248975,.00012960621,.000051196304,.000015193417,0,0
.059571221,.041031335,.027297031,.011993457,.0094690407,.0035271284,.0025741647,.0012288641,.0012862138,.00026649717,.00024560292,.000075189681,.000027018856,.000025973679,0,0,0,0,0,0
.82611656,.97672898,.86920941,.707802,.52813244,.41984174,.34388253,.21621695,.12181737,.086545222,.065390691,.022118494,.017083997,.0020971233,.0029404268,.00044131753,.0001625234,.00028749125,.000032756008,.000037702088
.44459435,.5620262,.64931118,.80763412,.96735793,.91696566,.73028588,.59473968,.44082972,.28831479,.18848844,.15863094,.088681944,.060652465,.03213264,.016212618,.018956557,.002841797,.0022928673,.0011667833
.70640373,.54153436,.35762197,.27186188,.10753084,.069140337,.051468533,.022800306,.015937895,.0053769886,.0021257491,.001023884,.00015942792,.00010638346,.000010612172,.000010107497,0,0,0,0
.82132977,.65987921,.50694621,.36769018,.24070486,.20782869,.12163992,.066547379,.039005905,.0079215216,.0079049468,.0057612653,.0023827122,.00100598,.00058596092,.000098893812,.00011490819,.00001859481,0,0
.84356385,.96054029,.92365456,.79065043,.6352101,.51660562,.34176457,.33254269,.2214471,.13748387,.12451931,.067376733,.027153056,.03184095,.013038764,.0055154939,.0012506618,.0024851349,.00042392744,.00044276784
.53903526,.42196128,.29423839,.15580024,.12731437,.087030739,.032310307,.021363614,.012998704,.0038027775,.0036279492,.00028117993,.000049903014,.00023845928,0,0,0,0,0,0
.55415529,.44641429,.35035318,.27638099,.20612538,.13948019,.069831371,.035460737,.027208902,.021273935,.010037352,.0065565938,.0035373722,.0019706408,.00029251847,.00023279275,.00023395596,.000033899189,.000035126632,.000016870888
.52471858,.66545904,.84184158,.90917569,.78418601,.63648504,.42762834,.29333699,.21534243,.14615294,.058113333,.063785762,.011071259,.0067547248,.0044814874,.00030097726,.00063914509,.00016128516,.00006757662,0
.16471715,.13714105,.092011765,.074728779,.050635152,.047506399,.032165233,.023234332,.0092691043,.0083170412,.0061018676,.003913796,.0033355204,.0017728867,.0012466294,.00054075307,.00014960235,.00012354973,.000030072217,.000087011009
.27734342,.35162288,.43513557,.54959482,.64718157,.77475113,.92995244,.89169425,.69847482,.52573466,.25685871,.28423607,.33705088,.11130002,.063892886,.033257488,.012069417,.021008946,.0045047449,.0027098781
.99061745,.86026371,.75205368,.54742473,.47290805,.30822498,.19787306,.13942705,.090274937,.019289952,.041230988,.029627316,.0037700431,.0017133034,.00094827689,.00060193421,.00045402467,.000071402676,0,0
.89352077,.96254015,.79314089,.6834926,.58552194,.39491189,.27078107,.15908194,.10575449,.112203,.08417464,.023767881,.0053186934,.0062722256,.0027558198,.0028326686,.00044190013,.00023624775,.000021008194,.000037210299
.084116444,.050231371,.029088946,.017094923,.012380135,.0050337398,.0036738042,.0019892328,.00086155615,.00044520767,.00012008972,.000029531415,.000010328272,.000016292488,0,0,0,0,0,0
.00026962196,.00020160929,.00016543177,.00012400358,.000086699372,.000057877482,.000052369065,.000041648011,.000024838411,.000021179649,.000012595064,0,0,0,0,0,0,0,0,0
.3566601,.47164154,.65805364,.80052412,.90565783,.90028983,.70984417,.5888558,.3975336,.24963431,.13914303,.083166167,.068802223,.030303739,.0077126632,.0054694889,.0030685605,.0014607473,.00045911703,.00036044564
.12022308,.096521787,.07234171,.05783724,.046471838,.0264266,.018100675,.018210702,.013081231,.007529343,.0059243916,.0025288006,.0015385374,.0012520282,.00072167441,.00028918637,.00023960842,.0001625937,.00010899417,.000050700899
.94994134,.87566912,.71693724,.59301126,.44535267,.27262035,.21798688,.13920899,.066748217,.036609769,.019608188,.011466006,.0087207155,.0028079066,.0017934237,.00033966679,.00004145467,.000061135535,0,0
.68116468,.59892249,.52429909,.46393669,.40165114,.31662571,.30041814,.22265521,.17796838,.15790427,.11660474,.08780586,.066842578,.054863486,.032622855,.030187292,.013524313,.012352496,.0083021019,.0070150546
.72344381,.62348247,.52954209,.44402957,.35746312,.29806858,.24796899,.14008307,.12557189,.080043457,.058308087,.048827693,.017800836,.015739156,.011103789,.0058198217,.0045283549,.0020991121,.0011078123,.00052064424
.65592265,.56409752,.48350835,.39611119,.32285255,.27883869,.21427995,.15343359,.10380551,.094993696,.058962133,.050531715,.042285539,.032812424,.01651871,.0057351259,.0046193949,.0040157908,.0018437675,.00097122806
.42672274,.4964987,.58253199,.69940126,.76621068,.8531583,.99397266,.85547829,.77675927,.61614066,.56812674,.4369601,.41715983,.30947077,.22155876,.11341652,.10421805,.078304879,.062247217,.039323665
.44636336,.53705943,.58156204,.75655764,.80278468,.84051406,.86887878,.79181862,.71765941,.61220855,.39833486,.29094142,.28542292,.17083895,.13327721,.065848932,.11268409,.031768702,.032150105,.022057457
.28155595,.35558796,.48384437,.56669623,.74881095,.81010252,.9460209,.81247532,.5740115,.50956511,.36846131,.25672108,.14128403,.16844398,.085476033,.027072577,.0085550742,.012870843,.0024886101,.00064621592
.21443127,.26662442,.34406149,.37823814,.44624373,.55423927,.68831635,.74993831,.92581272,.99491107,.83170748,.80311632,.8182376,.54937375,.32997337,.34432173,.18802059,.11411415,.082082592,.098097004
.022782452,.014936723,.010331688,.0060124286,.0033386773,.00086146698,.00089058286,.00048223374,.00029129811,.00022653452,.000048738661,.000029310988,.000011501564,.000010626426,0,0,0,0,0,0
.010491796,.0051633096,.0026498414,.00077646389,.00052102027,.00011234362,.000044218443,.000022217673,0,0,0,0,0,0,0,0,0,0,0,0
.17658503,.14724097,.12100692,.089036107,.06674023,.045217626,.039822154,.031696241,.020707857,.014851451,.0094227307,.0066332431,.0038846685,.002982589,.0022783696,.0011189302,.00067710289,.00044879667,.00018533217,.00010338793
.0003817828,.00016526933,.000064686668,.000024367911,0,0,0,0,0,0,0,0,0,0,0,0,0,0,0,0
.29368833,.37199602,.45411709,.58844841,.65115577,.83298713,.98530692,.76790905,.6578272,.64176208,.39454845,.30163428,.24511823,.17382629,.06209195,.07198438,.026389414,.032567117,.0055916337,.0094791818
.81270099,.69738275,.59111291,.46435738,.36835828,.32068077,.23261017,.13036229,.11242621,.082629852,.039431151,.03044798,.029326858,.01246656,.0035964046,.00342541,.0015477533,.00034821234,.00025203143,.000076122691
.93345809,.97496992,.82737404,.7843712,.53818727,.46861342,.41033721,.30898565,.24286994,.14355521,.077723518,.069611624,.047672901,.030932764,.0091706011,.0049095596,.0068517434,.0018007575,.0006642497,.00037233729
.67279351,.78974009,.99220645,.83229625,.64022124,.57700092,.3807385,.23919989,.22559279,.1069753,.12965235,.041946549,.023091381,.013318557,.0027024848,.0024968379,.00072354823,.00028675655,.00011142129,.000046267251
.03733471,.029392811,.02041121,.01665207,.0098723862,.0074687502,.0054422771,.0031423839,.0019584887,.0015961098,.00090442045,.0006228977,.0003493331,.00015202492,.0001408893,.000072232921,.000032675231,.000030384284,.000011421704,0
.5123595,.44689906,.38112962,.34831342,.28074694,.23127313,.19157101,.13109694,.11424567,.084993511,.057118673,.04713691,.033114456,.020472463,.021912569,.0087624947,.0073386333,.00416912,.0021779304,.0020645396
.0070809135,.0048086722,.0033343071,.001985779,.00098798703,.00019066807,.00056050986,.000077321114,.00021691962,.000040843501,.000032020762,.00001051761,0,0,0,0,0,0,0,0
.34886876,.29135802,.23678583,.16756247,.12750712,.089646943,.063075528,.05975436,.039471131,.014431331,.013992094,.012208476,.008366324,.0033856039,.0021311983,.0014113353,.0011289839,.00052592129,.00021140347,.00013663541
.30836403,.22160661,.15089351,.091465779,.063201539,.036018252,.025321765,.012143567,.005805728,.0023172116,.0011617821,.0011242697,.00066222699,.000092033399,.000059034719,.00001413222,0,0,0,0
.10459341,.13327602,.16134463,.20958486,.26414195,.31210962,.39935261,.52125472,.55188197,.68251407,.85458577,.85758078,.94898099,.91508275,.68194205,.52772546,.42290297,.25459847,.18674792,.16440201
.97145116,.84846461,.68385935,.57999688,.40115222,.35547659,.22844736,.18382527,.088498145,.066724412,.04460692,.018550575,.016185762,.0077807475,.0069931475,.0016678196,.00092836854,.00041210881,.00027037523,.000079973732
.7818889,.89474219,.97433239,.88610303,.68916565,.5942806,.51538241,.40668687,.32217139,.22717956,.14288406,.0712936,.049602557,.045235369,.021498129,.017715173,.009498002,.0014524349,.0042179828,.0028996209
.41355613,.30982348,.24812797,.17241479,.14325744,.077224247,.085203208,.03526115,.027302975,.0098031806,.0097923838,.0029452036,.0020646567,.0006714667,.00056707574,.00025820002,.0001925666,.000061364255,.000018147904,.000010398592
.65522909,.5662303,.44945869,.36381733,.27806863,.25045907,.17040695,.13477635,.078460746,.082108401,.056339387,.04186333,.019989602,.011898146,.0091560744,.0061707962,.003248692,.0024590525,.0012166989,.00034600912
.96824688,.95043981,.79331893,.71476787,.54211962,.47928968,.42490315,.38490802,.20140463,.21530861,.14257114,.11640175,.061375022,.029084425,.023301434,.016927684,.0058342176,.0048351348,.0040073497,.0017382959
.25810567,.21612374,.17579709,.12902436,.095936924,.070117548,.047619067,.038172752,.028375817,.018867435,.012837663,.0087642064,.006402472,.0032416023,.0032305326,.0015933409,.00073589437,.00071982772,.00020349807,.000081063459
.00017013038,.00010109428,.000053436048,.000026147693,.00001413248,0,0,0,0,0,0,0,0,0,0,0,0,0,0,0
.068625726,.040532719,.029487513,.018566379,.011860283,.0071124407,.0040216828,.0034080567,.0011834097,.0007919342,.00044350227,.00015890021,.000065272689,.000032358821,.00001007848,.000014368443,0,0,0,0
.70966721,.78817374,.92209506,.93190682,.76070541,.66798443,.58346945,.45138165,.38067478,.27257913,.23342806,.20500465,.077891916,.06236447,.043172777,.02527146,.0088195456,.015156826,.0024268534,.0025658652
.80450988,.70117176,.55255401,.46051803,.40079683,.30019763,.2286792,.14593312,.12130556,.056038335,.039868403,.027800122,.020867225,.01480528,.0065880721,.0026484509,.001354592,.00085045898,.00026484518,.00027026862
.020968061,.016090097,.011753359,.0078401845,.0043219579,.0037430683,.0024333498,.0014767435,.0013385091,.00057133718,.00037750768,.00023622993,.00016698637,.000084329789,.000093361341,.000016624013,.000015323145,0,0,0
.015820768,.0081555815,.0037717794,.0023952047,.00069129962,.00013496232,.00016447675,.000044808385,.000028334776,0,0,0,0,0,0,0,0,0,0,0
.43382794,.36339721,.27435374,.19930118,.13112821,.090495795,.084850572,.035533033,.023169005,.01429092,.0086557213,.0045092148,.0023448812,.0028781318,.00066340662,.00024116925,.00027379277,.000052615007,.000042461248,0
.74126726,.61277002,.46883851,.38815305,.27415529,.21367636,.14159876,.1094443,.059103638,.032515388,.018565146,.010704455,.0049837795,.0037232589,.0013903803,.0012635572,.00059146911,.00017684238,.00010878738,.000068391812
.34851563,.28538281,.25101793,.17963371,.13995959,.09503708,.060547501,.035421971,.037486441,.022051927,.012532493,.0061329389,.0039649992,.0027412167,.0034003027,.00063855678,.00072509632,.00022919579,.00017331923,.000025285121
.80286121,.92992169,.78171182,.58665085,.33766568,.28039974,.12199578,.10011686,.042826135,.018336242,.0057336367,.0062767286,.0024055922,.00036180438,.000032304459,.000011576119,0,0,0,0
.26572877,.32437158,.39053601,.50916457,.57481188,.68278682,.81045657,.94321769,.87182289,.78532207,.61899835,.50562501,.36489633,.19063473,.13160227,.12747228,.13607986,.061818957,.049469851,.01875723
.34226695,.24904229,.21976371,.17501491,.1175196,.089782238,.044527471,.036310546,.027414344,.015702639,.0098509071,.0049186167,.0038668772,.0015243066,.0011776299,.00039366112,.00047738181,.000067219866,.000075589647,.000027529484
.85142809,.98358619,.80683124,.72951782,.50188017,.40844756,.28170425,.18405783,.090184569,.070697576,.020304926,.015456756,.0082577346,.0050380328,.0025656424,.00081295549,.00038684576,.000090615424,.000083058017,.00011177223
.87249219,.989784,.9552412,.85732049,.73332179,.68126535,.55104977,.48985511,.44053456,.31978586,.21333601,.21918342,.14491776,.12963036,.070212752,.058852646,.03295067,.018779282,.016367633,.020896241
.72624785,.5727008,.474549,.33953214,.2340619,.16126601,.10105515,.063618839,.044581808,.016670922,.011573971,.0070901238,.0036029464,.00081294571,.00055800751,.00014118711,.000053614982,0,0,0
.18745442,.15044625,.12142446,.10409585,.077162035,.060919497,.045122638,.033684775,.020438343,.018433589,.011309293,.0084634861,.0045296256,.0028209446,.0030269616,.0021834243,.00085913803,.00056054047,.00041854876,.0002142986
.22658342,.15199563,.10053656,.053250112,.035098635,.019550433,.0079347584,.0053859167,.0017342669,.00081098487,.00042889672,.00018184741,.000048772745,.000018599858,0,0,0,0,0,0
.60295939,.73324639,.91382265,.92724359,.78088993,.55748421,.45700887,.320411,.17529969,.13321219,.087924398,.046046719,.031706441,.010401281,.0040231249,.0039287992,.0014794259,.00029517958,.00023279739,.000057599755
.10674385,.1516645,.2135669,.28682408,.39242166,.52542293,.75292426,.83256996,.88159281,.74665189,.50679946,.42896917,.34194389,.24187563,.10314605,.1093877,.046031039,.013683246,.0069957804,.0029212679
.57293254,.67793775,.76647842,.85800147,.95083117,.88409978,.70127016,.59814036,.51685131,.41268569,.37935013,.21141295,.18988313,.15220615,.11122055,.054572511,.051850732,.019827997,.0098248534,.0041587423
.32899827,.22287174,.15640421,.093109794,.053601701,.037209086,.017577559,.0054018688,.0062445626,.0016213089,.00075215189,.00019784342,.000067368579,.000012479246,0,0,0,0,0,0
.29529539,.24361037,.17589103,.14326306,.1116638,.073713332,.051541232,.038128793,.025182987,.021268291,.010396441,.0073977681,.0038289931,.0017376121,.0012073994,.00085368636,.00057007937,.00020303219,.00012286098,.000022583446
.1464857,.20803843,.30999649,.45371225,.53108698,.7620855,.94088036,.87227231,.77394128,.49436891,.36799505,.22977552,.16635303,.10379799,.045343138,.019115919,.0090191057,.0017670622,.0012577517,.00060967222
.23484731,.34103674,.36493164,.48476264,.66260958,.66254604,.88010049,.97198021,.82057279,.62157464,.42319331,.42530406,.35446587,.19621027,.16205782,.096301846,.046848293,.048740856,.025273312,.0051517636
.20176426,.26390752,.35068351,.45690575,.60142148,.75893086,.83460516,.93348861,.66811061,.55295032,.50866264,.33668342,.23348412,.10909551,.081075393,.047971189,.043070886,.013494219,.0081430692,.0028389459
.30945772,.20245834,.1465942,.091814682,.06720145,.034116123,.016509775,.0083720228,.0037660177,.0023198023,.00069761206,.0003916503,.00029168709,.000069230249,.000031116924,0,0,0,0,0
.90801424,.78106999,.70502943,.66636497,.49362195,.41370389,.37243563,.31772396,.1820226,.13233879,.09559761,.088453621,.041437272,.056878224,.015240026,.02244108,.007635239,.0043801679,.0022995314,.00092608202
.11851008,.071585141,.052575935,.037235845,.02568111,.011249071,.0069528855,.0038906573,.0021682084,.00066415477,.00030644116,.00027643185,.000091522204,.000038368711,.00002208445,0,0,0,0,0
.04656627,.031344101,.016578998,.0091238385,.0034014557,.0022453677,.00081805,.00024095885,.00018590801,.000080858335,.000026245703,.000013301532,0,0,0,0,0,0,0,0
.73594266,.88180333,.98800129,.8011151,.63626647,.56813806,.39352214,.33893922,.180712,.1020363,.077253908,.041846469,.043251887,.015388743,.0061161276,.0027244787,.0013395387,.00054608699,.00028940232,.000051264789
.0016808088,.00081851252,.00045409199,.00016983702,.00010924301,.000053546573,0,0,0,0,0,0,0,0,0,0,0,0,0,0
.35137966,.2703954,.21472381,.15634625,.1128399,.084025502,.047131427,.04065023,.019572843,.01105434,.01050319,.0044998643,.0025973695,.0010574819,.0005711001,.00031507571,.00016210851,.00015182338,.000040718936,.000011126569
.12805387,.093454689,.06493067,.052384142,.036399409,.020403946,.01591941,.0088794027,.0065879258,.0050991355,.0018578542,.0015360345,.00054687116,.00029968162,.00016101588,.000038328621,.000024928249,0,.000011886998,0
.22315995,.17521034,.11465225,.08059933,.064211279,.033911925,.02403228,.011520979,.010160982,.0021065807,.0015816981,.0010996085,.00088366214,.00042651567,.000083435203,.000073055562,.000062791594,.000018950044,0,0
.31722444,.38939068,.48624563,.57794899,.72214323,.77616751,.97253668,.90120798,.80974936,.69708127,.52048278,.43793732,.28245321,.21745282,.12091584,.15473014,.056835927,.051339686,.025341773,.012820596
.97024721,.88416302,.66412121,.49553412,.4535374,.32106,.26827371,.18847519,.13748153,.061424386,.036448032,.02032618,.032462716,.0093034757,.0072256466,.0027513176,.00078197906,.000031244817,.00027031061,.00014909057
.56700808,.48248371,.40974849,.36038503,.28734109,.24217732,.20728816,.13938466,.11607746,.096017204,.069131672,.054422252,.035816189,.017468657,.014785824,.0067805406,.0087452037,.0033935132,.0030657242,.001827463
.080340385,.12001956,.15902692,.26146668,.32615563,.44711733,.63695031,.7861377,.98210537,.75943071,.47804865,.48162833,.28502131,.17494391,.08279337,.038652677,.022661628,.0068679489,.0044019441,.0011101129
.44469568,.32396328,.23645405,.18714426,.11362291,.073365077,.045870345,.019903492,.01779487,.0096957302,.0063944268,.0018168185,.00088025414,.00058993325,.00044759715,.00011705892,.000016471986,.000013552846,.000012942778,0
.72720188,.60542023,.50271374,.36061308,.34072122,.19178583,.13017038,.089096747,.082243808,.036455866,.01918716,.0095007699,.0086654089,.0031098658,.0011596223,.0011128222,.00058329781,.00012475366,.000044764671,.000047853464
.85736871,.70496613,.56668818,.39004335,.31161767,.20679621,.16782007,.10619035,.066574268,.046661824,.026678348,.010926391,.0038234484,.0021789472,.0019203871,.00051490939,.0002996852,.00010798308,.000037255086,0
.30659425,.20753294,.14309514,.083094008,.064985707,.026734147,.017328948,.0040765097,.0029376601,.0016321235,.00097682292,.00027054231,.00011946537,.000026666583,.000010993964,0,0,0,0,0
.25363749,.20920311,.16578734,.12547441,.09641891,.0718541,.042447131,.036899455,.029367978,.016340602,.010743321,.0066131181,.0047438694,.0013567944,.0019795795,.0006442953,.00027211645,.00035438506,.00012232379,.000073088195
.07502529,.05436619,.036720186,.021651249,.014759104,.0077606863,.0061154547,.0021725404,.0020197236,.00095606723,.00049471343,.00032491135,.000079914746,.000068408393,.000010118285,.000013556931,0,0,0,0
.53386664,.41120362,.29983878,.22450607,.15448467,.12170761,.077886924,.046615582,.030279631,.016407074,.0089855893,.003903945,.0024821546,.0013517118,.00046539586,.00022651521,.000098065546,.000014394522,0,.000012659848
.30429786,.24500673,.18401992,.1148978,.12289737,.066333003,.033649851,.02591637,.016090026,.012060652,.0062069488,.0018577542,.0024159814,.00082542835,.00052566116,.00019861733,.000078128352,.000071358118,.000077909572,.000020686803
.60231787,.48754665,.38997981,.28061676,.25102332,.20048806,.12080023,.072316386,.04884151,.038543243,.03295086,.01558492,.0049823662,.0039337738,.0029432811,.00097425305,.00065107539,.00014950417,.000055558347,.000066462548
.72897238,.81950825,.95486796,.89063364,.84434372,.70548868,.50188905,.46682605,.34297961,.25305033,.16580956,.10639764,.098123193,.082346715,.044873793,.029980453,.011766836,.004896841,.0057979883,.0016084542
.2163143,.16323969,.098055512,.092323676,.052267209,.040750083,.0260715,.017773891,.010504316,.005914778,.004699578,.0030412031,.0012158697,.0002651414,.00031356039,.0001632902,.000093699986,.000051601797,.000021998558,.000012538402
.36313552,.27399203,.21579689,.15742163,.12966247,.087390609,.054235153,.034406833,.030704595,.014448278,.011011439,.003856652,.0043722102,.0015445267,.0013159665,.00034116959,.00058685639,.000092095645,.0000110273,.000031025254
.19762459,.14679776,.11668853,.093111835,.055369645,.046508789,.030379858,.019692302,.014344268,.0091812275,.0044188192,.0029581932,.0013946861,.001118842,.00062910607,.00030051614,.00010698836,.000059426769,.000058648478,.000025218982
.065839753,.039968725,.018848808,.012534719,.0082566524,.0022382659,.00077521522,.00062017952,.00023692369,.00010793819,.000050693227,.000011789265,.000010094855,0,0,0,0,0,0,0
.93524122,.94153732,.79830557,.64636868,.53804165,.34964624,.31721622,.17152186,.12718423,.1342323,.074366018,.058064606,.019097002,.013130921,.0098519633,.0060131475,.0021952398,.0003980397,.00032764321,.00026874617
.13293362,.09829919,.054755587,.037721872,.026961757,.012770122,.0097847655,.0035592744,.0035257323,.00099972403,.00085946755,.00012242918,.00025666668,.000060929175,.00004802466,.000037204616,0,0,0,0
.78776771,.93695939,.78463495,.66024488,.49449384,.36226904,.17431857,.14560308,.02547314,.018635336,.0078880871,.0096514057,.0017106818,.0005259742,.00010707448,.000013801855,.000056368379,0,0,0
.38071042,.29949173,.21279247,.15886295,.12739393,.080716841,.050397541,.036187626,.023376031,.018309245,.00944506,.0053297481,.0037114462,.0016227928,.00064006291,.00025955646,.00013604989,.000058637659,.000062535291,0
.68651563,.57580972,.40018389,.33911946,.24926561,.15502687,.10860601,.079095758,.022813309,.025063414,.018142849,.0066450103,.0041746567,.0029544148,.00080938265,.00027053815,.000092916474,.000087441316,0,0
.040434241,.031066764,.023039225,.018167803,.013895287,.0093108183,.0081165088,.0059917085,.0035765488,.0024004697,.0017952607,.0011961323,.0010911502,.00056928379,.00050119188,.00029677281,.00017949361,.000073849857,.000062880797,.000022702478
.99184,.84325731,.65919435,.55908275,.36999834,.27230746,.1930116,.15176892,.086738899,.054381721,.030508891,.013660377,.0095420713,.0050692661,.0014702573,.00077078596,.00025908192,.00011754991,.000030182178,.000026349786
.071586117,.050462436,.030465826,.020764358,.013560155,.0083687557,.0036449647,.0030451468,.0015968642,.00080383325,.00044858648,.00026533176,.000078616999,.000067216664,.000028118377,.000013290415,0,0,0,0
.2001127,.26805249,.3846066,.51323026,.67086732,.79846245,.85964864,.94709665,.60479838,.50968683,.35731891,.2550647,.13263385,.093824044,.058369119,.023782665,.019963,.0048467093,.0042220107,.00074654084
.66470748,.7494666,.87417239,.93186349,.98275721,.89754599,.77113092,.68325037,.54478049,.42682788,.38076964,.35160273,.29670349,.15636131,.1424496,.11651993,.12309457,.057586491,.020504298,.020735195
.57125682,.46746936,.35249552,.26776499,.19297269,.15417442,.10152433,.055719636,.038855072,.018671328,.012827965,.0053138961,.0031645168,.0022654601,.00063395064,.00036309054,.000082006423,.000040170817,.000030764673,.000013240124
.66238415,.78110856,.8752923,.97663772,.92589289,.69486219,.65148759,.52589107,.35624886,.39463803,.23944461,.23683718,.10806511,.067819074,.058510009,.061328385,.026127715,.0088743577,.014403272,.0021144098
.22042477,.27269903,.33360505,.39445069,.49640602,.59714001,.70824844,.82628793,.91853863,.8532967,.70097375,.62196285,.53169167,.48816237,.34380791,.19143879,.082277864,.11343159,.054545477,.031223236
.6349439,.52857077,.43715939,.3560963,.1995686,.16824649,.11291438,.066390552,.058276236,.026900666,.02797723,.010633316,.0071351877,.0098471167,.0014008544,.00097620196,.00060696283,.00058840693,.000037872171,.000032234577
.84208214,.73409736,.56754947,.52974528,.38600412,.31696448,.24061003,.18329713,.14040557,.071470745,.063639827,.041919295,.024346795,.013979695,.0064086993,.0082942443,.0023351973,.0015977561,.00096061389,.0003049307
.69525045,.60181862,.53383791,.43161598,.36682832,.25010449,.20866317,.15310918,.06956242,.10256338,.064551741,.02147992,.022588123,.011524633,.0097700404,.0055501368,.0032573314,.0013516828,.00080921856,.00031026101
.094127618,.14015274,.22074834,.29591686,.42887628,.56769663,.72176009,.91725981,.84267873,.62881255,.48851341,.36203402,.22737812,.14626196,.041705288,.052955538,.019915191,.011929961,.005218755,.0014509399
.14654629,.1252505,.10841712,.088347696,.074857973,.064927317,.048602253,.037660744,.031874273,.024223583,.018674454,.017250573,.011852181,.0083690081,.0055380091,.0059944601,.0035706724,.002261078,.0016697521,.0011087527
.1691117,.2173311,.26023021,.34975734,.393599,.42205718,.52417129,.62847877,.76583028,.97736263,.95846772,.70385998,.79750144,.80442744,.48963365,.24759696,.26320153,.32763359,.11898615,.084484592
.67187846,.58320099,.48577601,.40256658,.32196099,.22365086,.18961254,.14127988,.11136404,.072758339,.043863483,.035698991,.025431637,.014719675,.0088894386,.0038615325,.0035016038,.0022906361,.00068427203,.00044265448
.0079489918,.0050138263,.0031453534,.0022387162,.0017828809,.0009369452,.00047330366,.00021657477,.00016679247,.000071331691,.000070174065,.000057145575,.000019095265,0,0,0,0,0,0,0
.71929127,.54483569,.39533272,.27634034,.19157793,.12108447,.077744596,.029085129,.010630894,.0072107255,.004622438,.0010745657,.00067116576,.00024428536,.000043599815,.000056321936,0,0,0,0
.20979926,.25547576,.3110359,.3514581,.42790434,.52212757,.62488836,.80789024,.86410183,.91374671,.89934635,.75689399,.68907237,.55580091,.36966527,.41283038,.18249965,.21893945,.072398037,.10411198
.66701037,.77763724,.88439494,.98709273,.90705764,.75869715,.5805679,.51156193,.3735722,.39186683,.21536763,.17009342,.1505316,.093007229,.064838618,.031776194,.022601567,.0098746559,.0062467335,.0038924925
.49397257,.5850299,.73256373,.83124352,.94955677,.85169351,.61129397,.60287559,.51413387,.38404933,.27776301,.18927549,.086918287,.066992395,.048373695,.010579643,.013879029,.0026293909,.0025661592,.0013298703
.86646664,.97583032,.84690797,.65665889,.45847616,.27473116,.21006492,.12152263,.070837758,.027747588,.013890758,.00892088,.0037514966,.00062063837,.00023609193,.00015166349,.00010611425,.000023595203,0,0
.79223567,.67868739,.50082433,.45410821,.35486665,.27378264,.20492919,.14716795,.082709081,.058461361,.050550904,.019243876,.011947435,.010196341,.0037504917,.0034630948,.00099879573,.00074956991,.00026931692,.000053407999
.60736465,.51333505,.4211942,.3661128,.24393284,.22163263,.16666915,.13520892,.075735874,.070899941,.02834354,.032711819,.022613592,.011909444,.0086108409,.0028450361,.0025099481,.00074508489,.00054017344,.00077284902
.058957335,.042531691,.028094428,.019003268,.014150538,.010871825,.0086256452,.006025848,.0030032336,.0010921657,.0012093252,.00097050285,.0003481725,.00020533704,.00016581624,.000097099772,.000033622997,0,0,0
.94520229,.80836046,.61388546,.46592227,.34087288,.26757592,.23741014,.13047956,.080755465,.052380588,.026872041,.0097212354,.0095784236,.0026012489,.0030780735,.00079868321,.00058287056,.000079889323,.000039347276,.000022396142
.47698325,.59130937,.73377603,.81407547,.95061946,.89621884,.7589944,.65486234,.52391124,.39129508,.35297671,.21149565,.11343776,.10065971,.078712419,.050259203,.012970576,.015436149,.0053893472,.0057016136
.64423424,.48968169,.4156726,.26569977,.1617278,.12007103,.089334138,.052541994,.029442821,.011911466,.0049189464,.0038604862,.0022436131,.00069531484,.00026396828,.00017414503,.000073348383,.000013469371,.000017287113,0
.10578595,.13437958,.17071672,.21544331,.27109286,.3448185,.38464463,.50947171,.66436034,.76446623,.77890754,.97784185,.78045261,.67667478,.64616817,.39095706,.27294734,.11859306,.12628248,.037678655
.43363306,.51450193,.57415664,.66635948,.87117285,.91530597,.89512038,.69243002,.58560759,.53046304,.47731361,.31786719,.30109799,.17665026,.1012997,.098849267,.10641712,.034014177,.013761004,.0047221663
.453015,.53767282,.61955285,.78113061,.81162465,.93655074,.97161263,.77519685,.7712667,.60278833,.35814372,.33088565,.2236668,.21055029,.17019513,.064306997,.048840556,.024408512,.036674015,.02547287
.55787736,.44351181,.35817999,.27772141,.18338351,.13888146,.10309821,.062171899,.045982774,.032775365,.016544165,.017679408,.0082925232,.0015488563,.001208753,.00054518925,.00041856951,.00016497834,.00014282008,.000029407222
.13292794,.099150881,.06603238,.043052446,.026458897,.016520793,.014268275,.0049294089,.0048139594,.0013186109,.0015436821,.0010321493,.00019408374,.000081032937,.000012813782,0,0,0,0,0
.41887942,.49809349,.58195072,.64289826,.76468998,.87318695,.99095517,.83873105,.7680676,.45180261,.38462788,.36442122,.20368706,.18358099,.12527715,.091056943,.046477538,.03206709,.0052057314,.018243462
.74619418,.63198292,.54088932,.43452755,.33315986,.28231704,.24250861,.14488921,.10064258,.063086793,.051243842,.046067424,.018971829,.013049519,.0074331299,.0031010341,.0023094844,.0010293751,.00023653562,.00013631003
.19658364,.13306312,.11253544,.076406866,.051678468,.036943551,.023184925,.010619615,.008474024,.0034899961,.001709895,.0020307708,.00084343774,.00035973385,.000073230782,.00010100139,.000018777127,.00001097652,0,0
.88441467,.98266864,.90590489,.78619766,.59213459,.52861112,.35305038,.32901713,.28914723,.14779404,.1593086,.089757301,.069264822,.051847883,.021484407,.023964727,.0055904416,.0042392281,.0018221873,.0019834861
.71551692,.83270425,.91240311,.95696729,.81369132,.61527413,.48599744,.40934467,.35533679,.2495748,.16729444,.14770624,.043025516,.044973258,.030969961,.0079873363,.0037080746,.0014815319,.0053998325,.00081250223
.55499041,.45319852,.30767691,.21210061,.1483141,.10595549,.063761771,.042392187,.025581509,.016232712,.0053087911,.0022770136,.001792502,.00064493564,.00051376026,.000082947263,.000077683057,0,0,0
.45786262,.37497005,.30928451,.24785021,.21567553,.1457676,.10621843,.085415497,.056004684,.040614642,.029395804,.018017134,.01636032,.0065375352,.0064161206,.0030571616,.002296061,.0010120006,.00048201391,.00034625176
.49463639,.41060936,.31779915,.23312764,.18698013,.17585678,.10841388,.049143773,.047205161,.015851852,.0096336016,.0044911471,.0061484887,.00062384439,.0017038011,.00035888975,.000079694139,.0001997497,.000063996667,0
.62645829,.74732274,.89036167,.96556205,.85080904,.69574249,.56287301,.36802498,.34354636,.25834361,.13104931,.080501378,.063514672,.053663176,.010857964,.022839388,.0036661141,.0026039556,.00055943266,.00038656994
.67604387,.61217362,.55387449,.42065457,.37746117,.27584332,.22504531,.1526984,.12161539,.10990871,.084632851,.055617094,.045148414,.021172807,.011012008,.0065560858,.0038198731,.0042063515,.001447582,.00045003931
.13600253,.1085543,.080618799,.052056011,.048237126,.031850375,.023503229,.015148318,.010568136,.0073122834,.0037598601,.0027413019,.0016887045,.00071960926,.00071480707,.00033176385,.00020441669,.00014534296,.000066176101,.000020586722
.089755453,.06356319,.045672432,.033780895,.020446692,.016415924,.0087474622,.006131622,.0045892191,.0021610768,.0015395795,.00045267335,.0004946136,.00025137918,.000097727207,.000066365537,.00002828473,.000018467723,0,0
.57878149,.47647756,.36898556,.28992087,.23799084,.14059018,.11384978,.090000235,.041910056,.03220439,.020107105,.0099244816,.0085486984,.0024780275,.0016369509,.00056642626,.00036968463,.00025401814,.000075202712,.000016835511
.90812677,.97831285,.87702668,.68964642,.57492083,.51836658,.40586695,.23470235,.21221633,.16756229,.10101881,.10507201,.046429563,.05375636,.0078844205,.0087079722,.0020107776,.0023395012,.0026522251,.00003924068
.17739944,.23979567,.2778568,.39207962,.44742781,.61867726,.78586632,.90817839,.94963944,.66424823,.60100114,.52614456,.3444685,.22653334,.10744096,.074031815,.030252472,.018057695,.008096708,.009246856
.018383682,.0099146478,.0068387138,.0030245946,.001869333,.0010608055,.00053721899,.00023807725,.000060601138,.000034022563,.000013231755,.000011588771,0,0,0,0,0,0,0,0
.71400905,.60380423,.5219785,.38273337,.37315023,.27935839,.1968412,.11351904,.093776815,.063563153,.047909047,.023734856,.011094511,.0051522981,.0065726656,.0018737578,.0022611402,.00038583076,.00017208031,.00012401526
.30849481,.36912113,.43164781,.52425885,.62452263,.73557621,.86643046,.92938441,.88052034,.69736063,.59758514,.43874675,.39493027,.29793391,.26834679,.16874453,.077317573,.070185356,.038699809,.027163463
.2669701,.20223856,.1601335,.11777452,.087179191,.062784351,.041415133,.0270347,.021813141,.0095477859,.0077003976,.003604593,.0027695796,.0011219421,.00089123135,.00026660715,.00012745927,.00015279304,.000047991838,.00001267072
.67013276,.75050777,.8795979,.98433274,.88813144,.73173594,.68234569,.50070024,.41719654,.26916799,.20930742,.15707494,.12324432,.09416651,.073928416,.030596308,.020089094,.012228169,.0092223659,.0038114223
.1124189,.073679395,.040960453,.031034848,.014997339,.00717782,.0044900654,.0021641897,.00077382108,.00039497993,.00014676258,.000089230991,.000037734106,.000013601273,0,0,0,0,0,0
.22582494,.17723122,.12114674,.11070248,.070179999,.04453145,.031908084,.01862053,.0099939704,.0069461013,.0036074875,.0038896704,.001224509,.0010092813,.0006769622,.00017856201,.00011467788,.000066331791,.000030272351,.000015386177
.060235541,.041256096,.025181009,.014171029,.0095540052,.0050930949,.0016686989,.0011801022,.0010273802,.00034890667,.00018941902,.000029739052,.000041838284,.000015976102,0,0,0,0,0,0
.69895148,.82751954,.94065052,.88764375,.7740227,.63603723,.5212512,.39689049,.35318109,.22915778,.17238441,.13555263,.074898563,.049529996,.028690744,.019612232,.0075987331,.0087742591,.002394666,.0018709153
.72404432,.58985984,.41492155,.32853454,.26220483,.18471964,.12706366,.062838204,.044594355,.020996086,.0070581827,.0087867277,.0013417598,.0013540387,.00030765461,.00015480672,.000023773204,0,.000039466322,0
.3965278,.5020088,.57430297,.7582534,.81691003,.98857534,.97732061,.79363233,.66211617,.46390879,.37542224,.36001551,.20570149,.16741452,.12509678,.030037403,.04084992,.0039214031,.0087572886,.0027519921
.26253515,.21767172,.17712574,.14464538,.11476688,.087283686,.068749718,.053186446,.034188591,.026248222,.022368696,.014383977,.010330333,.0071805189,.0056774723,.0028312963,.0026115247,.0010985645,.0010594213,.00039439896
.35041755,.28607151,.2033736,.17054999,.11719529,.094027482,.06488537,.052889109,.022670917,.018062416,.013210147,.010907415,.0052000447,.003942694,.0011020119,.00098184554,.00033463037,.00023892209,.00010059546,.000060494185
.24812274,.30653709,.34724087,.45116416,.5575484,.68612117,.78490388,.85566789,.94170552,.84570599,.71953017,.68310177,.33637491,.45306107,.29120871,.22982822,.18887453,.072747841,.056092381,.032173414
.34591633,.45883524,.5238837,.67827123,.85832298,.97887152,.92911893,.64764392,.50285536,.37517321,.2627373,.21036324,.098646671,.063851088,.044279076,.019506115,.012470547,.0048900535,.0023226892,.00054011086
.25678271,.19034341,.13777177,.084127575,.05435437,.032682888,.020796113,.0066147908,.0054638144,.0026569441,.0013241128,.00065230572,.00030723182,.000081470891,.000012476003,0,0,0,0,0
.70723593,.58497173,.49687147,.36288291,.28449333,.23998912,.15217674,.069201276,.07514149,.037392963,.023589278,.0085448278,.0099847838,.0058794911,.0041386546,.00097773457,.00025301182,.00013037595,.00010677933,.000041462565
.51753771,.59975779,.74097323,.82602489,.9147132,.93907541,.81526095,.67456424,.61761606,.41340119,.31485081,.39877996,.1275941,.1364878,.077079296,.057389289,.018522961,.04059232,.0091879563,.0062669539
.1598511,.20209549,.24996148,.30474445,.39893764,.47410968,.6889345,.72681844,.92037719,.90653014,.8939541,.72901928,.64028192,.45950097,.35303196,.31696114,.24261376,.13122118,.057573706,.040659603
.65245295,.78411984,.94913429,.94274861,.81382668,.58899587,.5296427,.39129719,.20799276,.20052081,.15230511,.10019634,.022927262,.031744234,.0096001504,.008836559,.0031715645,.001226719,.00044225596,.00025637323
.14363578,.10625035,.065754354,.045987036,.038740139,.016999267,.01344229,.0062000304,.0051525887,.0022016326,.00068962784,.00041187232,.00024985001,.00010223353,.000050080165,.000020163359,0,0,0,0
.52641565,.44383562,.28711438,.2388327,.16753323,.11402804,.081068315,.048425034,.023353821,.01738387,.012521683,.0028861391,.0025272155,.0019941344,.00055098621,.00043022301,.00018726489,.00003818683,0,0
.20400296,.14738452,.093628205,.066225506,.038207185,.025009928,.013202894,.0070335246,.0040393793,.0020748072,.0010711388,.00079321297,.00038536842,.00013103962,.000047586665,.000024785712,.000013803074,0,0,0
.62208354,.73132151,.87202674,.99903083,.8584941,.74355346,.62410039,.47546494,.33963129,.28172135,.22854778,.13901855,.09715762,.068069339,.042017162,.025799327,.018234376,.0088796727,.0030772353,.00098366966
.72675866,.86360818,.90561634,.98937643,.90542102,.74924576,.59745884,.5021894,.43643457,.41410926,.35480076,.27504131,.1743609,.15723774,.12619883,.078925565,.050480772,.013714905,.017769367,.0025157365
.68797606,.87108433,.87242001,.72615874,.50231826,.26943237,.18121961,.1132333,.047337942,.027289551,.021486586,.0016513427,.0005405033,.00020851972,.000046371013,0,0,0,0,0
.9687404,.81969237,.67066967,.53981942,.34130538,.30441028,.16682008,.13617603,.063074015,.027018504,.022855407,.014984914,.0076293126,.0049361922,.0013726956,.0010406745,.00016301662,.00010429616,.000067001965,.000010407787
.7748431,.7048676,.59610808,.50775778,.43581444,.34383571,.30553231,.1955751,.2182055,.11674274,.1072385,.074857973,.044956796,.030001137,.028543767,.017227987,.023321565,.0080590444,.0026674496,.0004495568
.1217403,.15312764,.18389101,.23885798,.28469503,.37263674,.43696144,.55192524,.5752269,.6536411,.89552534,.9903093,.79126185,.59646678,.51166141,.38631156,.27765185,.26655516,.16912146,.12632428
.0089625781,.0063085994,.0040782904,.0027015528,.0016551121,.00113351,.00067903206,.00043984572,.00022836348,.00017779681,.00006912119,.00006337298,.000037244063,.000013337454,0,0,0,0,0,0
.83290929,.72192037,.61135769,.51587909,.34909129,.32062334,.27664635,.20801653,.12688862,.088664405,.073621444,.040974379,.025351444,.018431421,.0064769224,.0024649678,.00046723528,.00058245979,.0010150084,.00017002884
.34550241,.27182016,.22597514,.17200167,.14111353,.10894284,.05919674,.035548903,.03445065,.014062815,.011249308,.0094323559,.0062053693,.0028950335,.0018717605,.0013880519,.00022765108,.000182167,.000082576866,.000046856487
.62357587,.52300501,.39254367,.29621974,.22310121,.12785062,.0917437,.064175338,.046713196,.026705632,.0075703776,.0052333013,.0050581484,.0018249588,.00111538,.00074469124,.00016005369,.000086104446,.000019858768,0
.23006043,.16989578,.1341932,.092277341,.064458951,.041561317,.034081176,.015214146,.013428403,.0075736777,.0042947629,.0020527814,.0013033443,.00062609202,.00028613867,.0001766382,.000059418366,.00003186701,.000019075751,0
.70101625,.87625074,.95944196,.8522644,.62626839,.5232802,.41680247,.24346155,.18270752,.076815836,.078477912,.045714259,.016143359,.008941316,.0081712147,.0023668117,.00047055262,.0004723999,.000059785216,.000050900453
.0086820889,.0052667051,.0029174876,.001466454,.00080865977,.00054988614,.00021677825,.00010141029,.000061815495,.000018857299,.000014113841,0,0,0,0,0,0,0,0,0
.95505816,.81888086,.68338096,.56930649,.43603003,.32041395,.26364985,.17278713,.1331027,.11647467,.05565301,.040213596,.030690722,.018565053,.0054676528,.0047236863,.0016004051,.0010187639,.00028824524,.0001630785
.02426699,.011889763,.0048757368,.0029891417,.0011454151,.00046015842,.00022470276,.000077570476,.000021558075,0,0,0,0,0,0,0,0,0,0,0
.0332442,.023455568,.016198458,.0099719493,.0081191333,.0053376346,.0033435638,.0017990675,.00077569351,.00088484422,.00032776437,.00022830583,.00014304143,.000052308922,.000022503611,.000013968322,0,0,0,0
.16423051,.11563356,.077645309,.048619062,.0241889,.013137268,.0065582301,.0042898497,.0026588286,.0014252524,.00049249374,.00037256142,.00011659769,.00011644129,.00002507799,0,0,0,0,0
.16636157,.24816747,.32528666,.41728696,.72603601,.68256968,.96829635,.97613382,.72822225,.4309288,.23366486,.29409128,.061945368,.049592786,.020424534,.010173391,.0011948445,.0005424273,.00057712203,.000075709308
.029781001,.041412733,.051761359,.072356999,.086603545,.13734736,.16364044,.21712236,.23360695,.29360795,.41730282,.48891097,.69027585,.81933111,.76185662,.99264562,.63665867,.37161446,.43857875,.26819435
.63445622,.76890594,.86318946,.93776298,.88038224,.77187574,.66816539,.51163936,.56207687,.3038274,.24886888,.19603513,.13271815,.096360236,.036467273,.04262168,.01449204,.0038584347,.00284301,.0046169311
.15135969,.10120764,.049005084,.034902278,.024446979,.010922911,.0065120463,.0037643681,.0016333932,.00062315486,.00028340571,.000072217525,.000050496823,.000017337861,0,0,0,0,0,0
.03158268,.043695059,.056402516,.071845807,.089005731,.13655232,.13478275,.2004448,.26972535,.28768891,.37715331,.37862429,.56222332,.84623212,.85619962,.8040455,.71821737,.52836537,.32092217,.40296701
.35522521,.48220596,.61365545,.81822377,.98228568,.75518173,.59050882,.40476197,.27977341,.14923704,.089702435,.043833118,.024854055,.016072873,.0050357836,.0011480447,.00052963069,.00025983836,.000021196111,.000012364749
.26865858,.19463407,.15543294,.11248896,.079976864,.046628043,.032711178,.014602659,.0075967731,.0035726677,.0023887439,.0015341663,.0021707651,.00027635487,.00010370011,.000072236471,.000020525662,.000010905542,0,0
.75671142,.91719168,.98328984,.79502267,.62539268,.43006191,.38968569,.16691238,.13251293,.086221159,.084505953,.035165198,.0081748068,.0067505501,.0020982805,.00071123801,.00041362172,.00022460301,.00021108011,.000015750878
.17576127,.12709838,.084491715,.060994726,.036389489,.017640973,.010256565,.0079395548,.0041660741,.0017331024,.00057482853,.0005240207,.00023142033,.000030272429,.000026060909,.000011535811,0,0,0,0
.94477618,.7955057,.68926352,.56190592,.45988894,.33803269,.23799504,.17667411,.095677547,.072040983,.033706777,.033481348,.016244946,.0096341446,.0034954797,.0023769657,.00097593461,.0005492263,.00018930987,.00013748746
.53108853,.43067527,.33343503,.27391049,.2268064,.18928538,.11799909,.11454534,.078357562,.028896609,.015560376,.0090667112,.012662579,.0078892671,.0035364567,.001079579,.00020871263,.000067576366,.000089675894,.000024483654
.55260015,.61087102,.74789339,.80587512,.88776475,.97217864,.83329082,.79012775,.72591883,.64865547,.37282455,.53502345,.28685626,.24202973,.11505414,.10675537,.060451929,.054598626,.055751204,.035314377
.25223157,.1923717,.15608387,.13071364,.10529102,.073422775,.054661557,.04085955,.024311826,.025975581,.014778025,.0097734723,.0033361153,.0067029279,.0017259335,.0026448709,.00063606363,.001130157,.00052338972,.00018231021
.49495593,.43121961,.3269805,.31161109,.23221555,.21152395,.16981372,.15019646,.10404117,.092073888,.048437666,.041804388,.036934674,.026555778,.017175386,.011176462,.0056410311,.0066005788,.0031310522,.002547825
.29810315,.23025541,.17787063,.12274956,.097513892,.059288107,.041120984,.024760909,.017557669,.011220366,.0071252501,.0034850205,.0019857502,.0014052134,.00056031649,.00015637664,.00020288531,.000049649188,.000010912298,0
.51539934,.43773454,.36227578,.3078036,.22731625,.19269465,.14609173,.088253006,.082909837,.049709138,.045010194,.030012337,.019109456,.010134083,.0093979966,.0044787209,.0047508716,.0013653305,.0007166561,.0007382583
.93669009,.82463861,.64495319,.56191665,.3480491,.25710645,.18914117,.12469284,.070852771,.045675118,.029029906,.013099237,.0081732329,.0092268083,.0062983711,.0010213692,.0003047768,.000097325843,.00011853297,.00002869729
.65010118,.77869344,.90756369,.9174518,.86707979,.7206853,.60807967,.42710665,.28736424,.22512083,.13013172,.13920748,.051638279,.054057788,.026198167,.0027336981,.0020992758,.012121205,.0011336006,.00021916814
.20532218,.15923771,.13382305,.10869664,.077691391,.050932679,.039394233,.028263673,.02126329,.011607117,.006492734,.0054437579,.0022484497,.0017383585,.0011753015,.00079976773,.00017472121,.00012064057,.0001787855,.000034563443
.10307097,.076673098,.054496288,.030788328,.023518844,.017750461,.011058352,.0045611453,.0050334153,.0023495804,.001334492,.001692582,.00039521253,.00015348371,.00015689271,.00015736956,.000013004889,0,0,0
.42808479,.52677077,.75227112,.84964609,.98358434,.94074011,.75483382,.57036954,.39324817,.34664482,.23072125,.14001566,.082007654,.059072133,.025172736,.014046169,.006246631,.0041700173,.0016801483,.0010800952
.74690855,.8163718,.95287764,.93608797,.86579269,.76986355,.72546685,.48936895,.52054,.40817487,.40954536,.23214392,.21199349,.11537314,.089399546,.12259792,.074548148,.060652364,.03447701,.026696874
.51195896,.43586338,.36414844,.31097186,.26280794,.20782459,.15884516,.1206544,.11081719,.074789554,.058876246,.043511141,.02218367,.019952578,.015424552,.0072779162,.0074030668,.0036155654,.0019702979,.0013504789
.060435671,.082592979,.11892838,.14718203,.17176825,.22680496,.30512065,.43992981,.46003175,.59722656,.83057868,.87488687,.88640141,.56661803,.57129687,.22034995,.21647444,.12439744,.11455851,.062280782
.059341505,.034758013,.021405427,.012694867,.0069285976,.0033361148,.0017372872,.00098583638,.00080080907,.00017154391,.000096331532,.000040767329,.000012388173,0,0,0,0,0,0,0
.69621634,.83520848,.9869296,.98603874,.80386233,.64189476,.51374662,.55064094,.26967189,.27871454,.11805528,.093820013,.072076641,.037212003,.048492622,.020017711,.0081769386,.0054817805,.0034088499,.0032066423
.23902346,.28954935,.36009252,.44273886,.47725004,.67536891,.87227732,.95446539,.98862016,.67120558,.77730531,.62984222,.47970036,.16694039,.19515233,.14616215,.077075481,.042714123,.030960158,.034611147
.74008918,.89736158,.977817,.87638766,.77578819,.66408765,.52830821,.38785797,.25029144,.21671142,.16076723,.080829285,.066212341,.042324234,.015728962,.010016932,.0090115052,.0041407645,.0014792682,.00051282742
.36556706,.44224513,.57317144,.67260808,.8306005,.95552266,.85851634,.67365515,.55491608,.46748742,.32975534,.25921729,.18565166,.099324241,.054454871,.023111379,.025483854,.0036744091,.0019954627,.00079903583
.27865022,.21235117,.1704589,.13420393,.090222284,.08988712,.063254483,.035625145,.021520404,.019234128,.01171043,.0069796429,.0060210056,.0014623509,.0019887434,.0006970478,.00054045807,.00023855663,.00012670262,.000059258819
.38874128,.50399333,.62480563,.6585536,.85499364,.97291523,.87177938,.83246714,.51483446,.38151029,.23553723,.2382019,.12677927,.11191014,.087730244,.073473014,.023768252,.014342951,.0067100395,.0014146772
.81908798,.96252143,.93485552,.79251087,.62071371,.47746426,.39110634,.26170295,.22299181,.15310617,.095705718,.035611238,.045327976,.019837877,.0085725114,.0075992844,.0034027342,.0016003837,.00083045912,.00032278604
.32846218,.40020338,.45717785,.57394344,.72367764,.78979862,.95555282,.98911887,.77600068,.54651117,.47286326,.4876788,.28506809,.25239193,.10099735,.071356855,.049563035,.037507601,.014510812,.0053328169
.1397502,.19402955,.28184941,.39379963,.47636637,.64285028,.85401744,.92099905,.72592342,.60947603,.52512914,.30000895,.20462731,.10738685,.098760106,.032962933,.023577668,.0099630812,.0030508167,.0010527237
.42895731,.33334634,.24458885,.21733384,.13531193,.090234347,.066870667,.046042603,.022377498,.017649855,.0093932319,.0068983543,.0021997595,.00097364513,.00058092305,.0002175425,.00019939356,.00010355149,.000027569646,0
.96540213,.77524614,.607952,.41014528,.26704448,.18019591,.081024364,.037305158,.035686146,.017040726,.0045763473,.0020743199,.00066716265,.00021415696,.00014722033,.000030527626,0,0,0,0
.34719029,.26934823,.21168932,.13963085,.099728212,.08532846,.058075212,.024731137,.011445764,.013456114,.0047146664,.0053603444,.001920944,.00075555017,.00018550993,.000075945296,.000155136,.000033108379,0,0
.82562679,.73876333,.65254587,.60175955,.49998584,.45824686,.35371503,.30476564,.23202661,.21268523,.16955709,.14061694,.088588163,.079456769,.065261096,.043636762,.029192261,.019824656,.012817024,.011269241
.67211384,.79272926,.94833243,.90189171,.67660648,.55385464,.4393608,.32573169,.21911448,.15246613,.084501229,.066707231,.036448434,.025377082,.0092049204,.002680592,.0017974755,.00094328652,.00017848992,.00011823389
.025663635,.017297285,.010474944,.0057440395,.0035756486,.0015503475,.00090297818,.00029069028,.00018077952,.000077001489,.000069110756,.000015959369,.000011112422,0,0,0,0,0,0,0
.0017721286,.0010412995,.00064974104,.00026880763,.00016983274,.000063070082,.000043882152,.00001846654,.000010752292,0,0,0,0,0,0,0,0,0,0,0
.66621441,.76529092,.92380667,.89298981,.77391732,.6253286,.47353792,.41074544,.19469538,.10584559,.075406916,.061376147,.049253352,.01759045,.0082396027,.001987285,.0026185587,.00077737251,.000022984221,.000088801266
.0010691434,.00044150863,.00017248715,.000091274269,.00001918051,.000011926801,0,0,0,0,0,0,0,0,0,0,0,0,0,0
.13886169,.1739163,.21251696,.26972955,.36643475,.45601732,.57732093,.6140489,.78666341,.85250121,.97337866,.70359969,.64842552,.35011795,.4623701,.29967576,.14433876,.040857848,.057224672,.045702226
.011492847,.0057637603,.0029616854,.00087590847,.00032927608,.00022447763,.00006902677,.00005787308,0,0,0,0,0,0,0,0,0,0,0,0
.62734139,.7897349,.89040852,.96300089,.85617834,.75539166,.56355834,.51817763,.35709587,.28480527,.16993083,.17264155,.11916751,.050996713,.025605841,.0098905405,.0049843304,.0046863225,.0010015498,.0011092388
.47200871,.56642199,.63341248,.78948188,.93319684,.9062534,.77154046,.59453148,.37840527,.44361529,.35856232,.2140777,.22453207,.13834858,.0425619,.043768324,.024920247,.0091487411,.00938386,.0011762719
.21432994,.16326259,.1191677,.081657313,.055715539,.037442833,.024717759,.015662704,.0079980213,.0050214231,.0019343513,.0018152576,.00079743908,.00053262262,.00028196792,.000043954347,.000035909081,.00002644704,.000011405936,0
.54745203,.67620528,.74868023,.93461531,.96382046,.79860318,.6703617,.50242406,.32240766,.28825405,.16873768,.10781303,.086169071,.015762202,.018961405,.011395942,.00792214,.0043315301,.0017539596,.00090927683
.57657117,.46565497,.35087273,.23581545,.1423389,.11130755,.098129325,.052044351,.035963193,.033912327,.0081463475,.0029124622,.0027118325,.0025978223,.00049749244,.0003637913,.000078578822,.00006878627,0,0
.11342544,.07266067,.052063692,.021904923,.018183701,.0097588236,.003395611,.0034099778,.0017595607,.0012587716,.00050101802,.00016328042,.000034232613,.000010063949,0,0,0,0,0,0
.0021056104,.0011475676,.00087723375,.00055423507,.00022878869,.00018927788,.0001197325,.000075549062,.000028670718,.000023307368,.000010281112,0,0,0,0,0,0,0,0,0
.92059112,.77777493,.66244,.54365432,.38335606,.30327636,.24924,.15568437,.08223404,.068597674,.053381275,.027636308,.01331606,.006047627,.0018941234,.00071481423,.00039927624,.00014815791,.00003531222,.000038188544
.78957772,.91069371,.99333644,.87746447,.70148736,.61136699,.51256728,.32410169,.28802127,.20011024,.14499234,.098098189,.06697695,.044454977,.019906646,.0089516276,.0074731708,.0037043802,.00083343289,.00088712067
.86205578,.72788221,.60688376,.49767023,.35238507,.21576881,.15808949,.12379761,.06108151,.032377582,.043568786,.026210703,.0039927824,.0010866746,.0013011047,.00014215597,.00017361867,.000057413483,.000031542066,0
.19988735,.26648611,.37478146,.40120509,.53654903,.65007716,.85421646,.94597304,.89308733,.70014244,.57148677,.5189268,.3099716,.28797054,.094083667,.10176194,.062685132,.041840393,.0079380069,.010930144
.0020948327,.00096245151,.00045344123,.00013436476,.000028545448,.000018095609,0,0,0,0,0,0,0,0,0,0,0,0,0,0
.79323387,.97971189,.85301268,.64047021,.57095897,.3790881,.2660515,.1726156,.095880717,.056210145,.035604827,.014778841,.0045515029,.0031224224,.00065534736,.00074452342,.000070792412,.000024732175,.000012706686,0
.0075549632,.0054853912,.0033864367,.0019596338,.001635327,.0010344459,.00075969083,.00048037022,.00022687203,.00015965589,.000077185279,.00007788658,.000038681046,.00002682454,.000016388576,0,0,0,0,0
.56647015,.69426394,.83631968,.99692434,.87730801,.75438786,.60978717,.45332763,.30370286,.28302437,.16928972,.11283451,.049402628,.021486569,.017048609,.011982905,.0072617349,.0017404639,.00046735679,.00022953696
.17371508,.13452119,.088946693,.081026912,.058099151,.043123081,.028982824,.016154654,.012652249,.0053257546,.0031609167,.0025982508,.001321519,.00076017308,.00038122013,.00038395342,.00021659271,.000084758351,.000028890247,.000010564852
.00092966703,.00053678139,.00032263555,.00019442063,.00010079246,.00005497022,.000029216024,.000015730437,0,0,0,0,0,0,0,0,0,0,0,0
.89165366,.91822714,.8144837,.67006356,.51334834,.31799132,.24515048,.18664904,.094303086,.055410806,.035037588,.039453328,.014753146,.0058644763,.0014195126,.0012628915,.00046585448,.00033471605,.000045274417,.000010450996
.43697113,.34921661,.27267969,.19780895,.15122443,.080884703,.067165948,.047000721,.030305514,.016028974,.011918197,.0062038335,.0029589324,.0020421699,.0011540386,.00042183374,.00037081022,.000088167006,.000052408806,.000020146639
.94314289,.82263315,.6694265,.53573626,.34591967,.33186504,.20954713,.15675932,.078804567,.041587878,.040896162,.021302652,.011066094,.0040731914,.0013406202,.0008286346,.00061125372,.00020044469,.00012709069,.000011077783
.23181555,.27307677,.31953484,.38729829,.47894719,.53821206,.61145771,.74073142,.8088575,.87120676,.96268898,.83086419,.90775192,.51425159,.44779411,.35322413,.34935483,.3693676,.11287253,.1441471
.37534958,.4304305,.54152429,.57473737,.6793676,.75577408,.88308817,.87262452,.87207425,.63622183,.49578798,.26768169,.35211799,.2245952,.19110034,.17546374,.16432855,.043177135,.04133524,.0069437688
.4201988,.35825992,.30174097,.26000383,.20927328,.16512649,.11920612,.10618924,.072703838,.057499491,.041977961,.032879375,.031848267,.015493479,.012116961,.0084883384,.0040919846,.0028221877,.001555534,.0013499021
.36790609,.44946525,.58156335,.69632608,.7885617,.92602223,.967439,.76976603,.6898458,.51204687,.38521171,.31344786,.26716259,.14755309,.092630878,.064850196,.043821573,.020494508,.0088147866,.0073808664
.71263438,.61067218,.53990966,.40210173,.35429808,.30081379,.20880561,.14134648,.13256,.076863147,.059961405,.044075526,.030865619,.018629508,.01236229,.0093799308,.0049150307,.0031477544,.0013541892,.00072273239
.034738965,.020673031,.012401856,.0069148233,.0031256296,.0019937891,.00063558051,.00034625502,.00010922004,.000037040838,.000017036153,.000012169039,0,0,0,0,0,0,0,0
.36482781,.27575913,.19340532,.1159015,.098902799,.048372354,.035432339,.015069064,.010870699,.0055909147,.0024904984,.00068525021,.00046720792,.00023421786,.00012304667,.000049701575,0,.000010249971,0,0
.23285511,.30171502,.39779782,.49778023,.60900021,.72197264,.84532392,.99916476,.80467993,.62431455,.54018527,.50609732,.34845415,.23448549,.13990848,.084126994,.062696904,.020600772,.0055440352,.0054750978
.41479847,.51591331,.57942241,.7029382,.92186987,.98441255,.79518092,.58277452,.61922348,.42863581,.32262781,.2014412,.15004741,.096316583,.10971649,.033625882,.021206673,.013486371,.0023285043,.0014970226
.037035447,.024380913,.013901659,.0093762977,.0061907559,.0033625674,.0013924456,.00065895164,.00046311828,.00019993375,.000084746629,.00004373875,.000016684789,0,0,0,0,0,0,0
.34798512,.29094595,.24489553,.20089631,.13981417,.10819324,.099140838,.064062521,.036938075,.038176998,.022341939,.016019206,.0070691239,.0058067502,.0040427879,.0018700378,.00079367135,.00082540314,.00073915068,.00039983288
.25396162,.22114123,.17886962,.15119065,.12416494,.098450229,.083442435,.054936364,.047389351,.034447603,.026203573,.020718362,.013328573,.0095881391,.0086345682,.0055636377,.0033822949,.0021275585,.0015224752,.00093177339
.22608535,.29149655,.3748318,.43613908,.58502501,.64227402,.78907061,.98105776,.91744053,.71959335,.54434228,.35976824,.26206863,.20242973,.13604011,.090604194,.051535148,.0242303,.0048179245,.0028122384
.00058903755,.00033376718,.00017878096,.00010323218,.000043293534,.000027255557,.000014852691,0,0,0,0,0,0,0,0,0,0,0,0,0
.4529036,.37288645,.31721404,.21874635,.18153232,.11826652,.087897375,.049182925,.044310298,.034397479,.024557058,.0099172127,.0048371013,.0050732028,.0030260943,.00068154011,.00061630533,.00013332399,.0001557292,.00001642863
.97183198,.93591279,.79654527,.70219904,.61340511,.43176562,.35467759,.25380307,.14030008,.17991517,.060512688,.04683923,.038992453,.01570864,.0060594655,.0019452028,.0028093404,.0013747528,.00023504862,.00039318608
.71380782,.60499644,.4604089,.34894094,.29905811,.14604525,.13690051,.11525545,.057873137,.03004509,.014567639,.012088854,.0028386922,.0015520559,.0011573728,.00098727969,.00016307789,.000076061624,.000017020186,.000033660883
.72171509,.63681662,.52081758,.45551714,.42538947,.32300529,.29059693,.20283176,.16993615,.12709811,.10969196,.092284739,.050074566,.040777355,.024180859,.018413272,.0095126024,.010215996,.0050229887,.0027624459
.090302415,.067036577,.044892635,.03607209,.02253098,.014795081,.0082133012,.006781898,.0049030399,.002494433,.0010527108,.00090003974,.00043207733,.00030728953,.000049770704,.000036681038,.000032714819,.00001012892,0,0
.51797712,.60422325,.71465445,.88592803,.94620639,.93457383,.81225938,.70047539,.50313598,.43249398,.32146126,.25801852,.18503842,.13042587,.085571662,.046822604,.029916568,.011150439,.013553171,.0053101378
.63484979,.5355193,.43065286,.35443363,.28687513,.22920169,.13927609,.09626776,.074250057,.037147816,.026476327,.015948812,.014603788,.0059427787,.0045050802,.0017842045,.00063959748,.00047335183,.000099265359,.00012556868
.28504682,.34225896,.40142012,.52765071,.5949102,.72654694,.82429105,.96372902,.82242012,.90334219,.5955745,.55277914,.4511199,.27535173,.41118062,.15883149,.077457882,.093351722,.048479073,.02426463
.55579138,.40538344,.30462173,.19096719,.11909676,.04233354,.039690141,.020172792,.0049762647,.0038023104,.00082367624,.00058499601,.00019618183,.000097236763,0,.000010439212,0,0,0,0
.64543045,.78296345,.89519,.87413007,.81946671,.61508554,.51398706,.33237711,.27559447,.119567,.15029602,.048709821,.066396259,.02508674,.014573263,.0081011523,.0015381759,.0013184522,.0007327433,.00011142949
.45022991,.37139487,.31037256,.23804493,.19799945,.1411812,.11354925,.074936308,.059214566,.043780793,.025937373,.014933508,.010668396,.0058868853,.0032047539,.0035008348,.00094563153,.00066580641,.00041291627,.00018639704
.77622128,.66368514,.60635263,.45720211,.43555471,.36116025,.26754647,.23589547,.14534864,.10346603,.10213299,.060889568,.052154228,.029715478,.016284648,.011664307,.0097825853,.0048504779,.0055284719,.0015693279
.15096804,.09171465,.06032839,.034920279,.022909444,.016401265,.012093407,.0044043711,.0020885491,.00092539587,.00075498159,.00023626606,.00011333384,.000031054664,0,.000010208678,0,0,0,0
.7507593,.62347144,.47289941,.36004016,.29475826,.2200934,.1434363,.1282036,.069299772,.049080096,.023644816,.015108292,.0055039828,.005542892,.0019959291,.0010809618,.00049129216,.00013498988,.000091373731,.000027263228
.51216257,.40740615,.28598797,.23326463,.15264416,.11169864,.084794335,.05491893,.03426832,.020319458,.010379941,.0040396946,.0038597565,.0018154437,.0012012201,.00047882876,.00021031851,.000087266286,.000028881812,0
.71267551,.85906184,.98334938,.80416828,.62744194,.50669283,.36445555,.23617163,.14687298,.11024367,.055030446,.035893109,.020269683,.0061009661,.0050874841,.0020164084,.00041181868,.00023304051,.000048453945,.000076090771
.53404456,.62059408,.76318908,.89857388,.96220911,.91432315,.80903924,.68718243,.51788163,.45268691,.27946097,.19692881,.16378996,.12171376,.048245661,.048677925,.034003057,.028577618,.0075510871,.0067502968
.4037092,.49071091,.61040646,.79156137,.83665663,.97414774,.84639883,.77234638,.53375715,.49585697,.37673607,.18119012,.1930964,.077210613,.052063424,.034172807,.021842796,.011921425,.0045982632,.0042075296
.74845654,.6351971,.52954334,.43145707,.36852425,.3088578,.20024851,.16429539,.14153619,.092435911,.052702032,.040886506,.021806737,.019365896,.0093703959,.0058977394,.0026617202,.0016989365,.00073634472,.00065306196
.40386629,.32710153,.21918303,.15847135,.10383575,.068437047,.050665241,.030125516,.016613934,.012739028,.0077163721,.0034517769,.0016019238,.00052620942,.000272292,.0001072188,.000074082505,.000019978384,.000011386172,0
.58097672,.69695371,.80633944,.92687649,.91245896,.76318711,.69694829,.57018518,.45476496,.28110707,.25689077,.20959562,.071333751,.066500098,.057599071,.0055829994,.025752036,.0068059992,.0018620653,.00058510125
.19979098,.13875087,.099563368,.075756185,.050217927,.031219471,.021026423,.012738894,.0052520414,.0029795421,.0022828763,.0016110298,.00079666474,.00026188759,.00014563017,.00010991383,.000042201162,.000019748366,0,0
.019602831,.010901366,.0079214796,.0030870948,.0021265883,.00046134237,.00035755386,.00015075889,.000086427382,.000037013415,0,0,0,0,0,0,0,0,0,0
.67496836,.56934035,.4769111,.36769816,.27464265,.22797297,.12946987,.090536885,.088375121,.046887893,.023684233,.0069265421,.0078329695,.0054063778,.0052428399,.0006865054,.00028641525,.00037800323,.000095990814,.00010425946
.11225653,.094731003,.07455273,.065505423,.049490288,.037079975,.034339175,.025277102,.018169498,.014452933,.011876957,.0074827201,.0069948207,.0042676004,.0034149559,.0018616817,.00079869578,.0013058264,.00052651158,.00039785038
.50916117,.59641469,.68590027,.84483087,.91255927,.87776113,.76987201,.65106142,.47551525,.36279669,.3258259,.24274951,.14759172,.12824993,.11167979,.071116269,.035039581,.026511321,.0059098941,.0041028108
.2977961,.35659534,.4309898,.54991508,.58670604,.7249878,.98455304,.94731611,.76227587,.69151175,.70517308,.54483253,.34837803,.28394446,.17882507,.1465161,.076279424,.056142457,.035388391,.0095690563
.46904448,.51765651,.59023643,.67437577,.83793914,.9975248,.99767756,.89627355,.70714462,.45514393,.44303763,.37615544,.3167055,.13261822,.31803316,.081394754,.058384597,.052497964,.043123472,.0076736105
.66922414,.51208687,.42560732,.2857517,.21575016,.15622914,.082036033,.043635719,.022788817,.013973048,.011470159,.0052533541,.0024250003,.00085101242,.00031092449,.00014788625,.000026852977,.000014651947,0,0
.43108997,.33772117,.22153895,.14726433,.10091816,.062737435,.03354976,.019837813,.011579666,.0089969505,.0042613572,.0014871487,.00093749806,.000332603,.00017960485,.000062232109,.000019643148,0,0,0
.18578039,.23747455,.29732159,.39597473,.49441499,.6137653,.72823423,.8571378,.92439127,.81709272,.78609204,.54181129,.47411194,.24263722,.12598217,.0416178,.059277549,.048631679,.016986592,.010366668
.25972867,.1884999,.12701556,.086346142,.049138214,.031343326,.016800666,.0088902684,.0048182067,.0024853612,.00095150201,.00040117427,.00018848438,.000048189086,.000059953814,.000016935364,0,0,0,0
.98064101,.87513202,.72332835,.62572044,.54273611,.41947496,.33229637,.26990154,.22711588,.12014541,.10279003,.071293376,.035457272,.020062149,.016747499,.012780536,.0029366347,.0021297485,.00075883669,.0013553607
.74735206,.83964437,.89643335,.9648267,.82002038,.78038359,.6640116,.59883082,.40412247,.34703684,.26468587,.19636844,.15549931,.08309596,.12116379,.080301762,.060497474,.034321994,.023149632,.0066380622
.97012919,.92048281,.79394871,.59552026,.5865314,.44530168,.27874184,.25455096,.1578823,.11717792,.10208822,.051021781,.028429765,.020795716,.015383836,.0051502297,.0030637209,.0011312756,.00075354456,.00019323076
.4180747,.33381885,.25317001,.19053315,.16590436,.099283606,.065162532,.044743452,.030921463,.021998132,.0071491185,.0087783458,.001795585,.0008554064,.00047383097,.00036299523,.00021636669,.000038503844,.000035100031,.000022914954
.78536713,.89488375,.97734761,.88366634,.76445454,.64417005,.6547302,.39682522,.33274096,.27012908,.17929363,.15642795,.088830225,.10689456,.076200865,.029184915,.017990224,.0088756913,.0091223214,.0029176979
.69462299,.80998224,.88444966,.99242055,.82983214,.75836128,.54002196,.43105108,.36724833,.2876133,.17498021,.12112129,.10479166,.079164051,.056375314,.041345112,.0092778308,.0065394915,.0040659998,.004455423
.51054007,.63459086,.73916501,.82663089,.91384995,.98074168,.83565956,.61829299,.51217234,.38432616,.17371996,.17340052,.11100265,.050561167,.029209554,.018563956,.015944792,.0093088299,.00528725,.0017417613
.001699423,.0011528947,.00074309512,.00051029964,.0004346229,.00024352728,.00018872308,.000098742239,.000060554034,.000039563656,.000011016456,.000010251348,0,0,0,0,0,0,0,0
.27712455,.22533719,.18505765,.13649616,.10590892,.082030274,.054723475,.037410673,.030195633,.017698796,.013846745,.0081502469,.0072332895,.0025597021,.0016225863,.0009147434,.00048275929,.00025819481,.00031962435,.00006714827
.27118647,.36051247,.45211104,.51665735,.57455641,.75090259,.97869486,.99282932,.76915413,.68305945,.4739134,.38461202,.26316926,.23252191,.13309216,.062360361,.029327432,.028087169,.010749254,.011287863
.86874592,.76709503,.68350118,.59862536,.42528123,.38339263,.32301325,.268839,.16275115,.080527335,.075168893,.083701447,.035751525,.024793096,.019791162,.0058764699,.0031972462,.0028903785,.0012234598,.00058333302
.6990906,.58248264,.43480235,.3161051,.25499088,.1037863,.10188422,.054366995,.028598586,.019100016,.0061390777,.0019744304,.0023276156,.00041897694,.00018140808,.000048877133,.000024754236,.000028746832,0,0
.17877518,.15404409,.12748681,.089464076,.088076845,.062078271,.050754942,.046554092,.035106242,.027973726,.022008287,.014124619,.008593847,.0069841393,.0055356016,.0035833889,.0021031897,.0015096968,.0010753508,.00069927628
.59642166,.52193815,.39454985,.34364158,.25779268,.20656051,.13231915,.11899152,.073279344,.046882518,.0092127426,.022366876,.01714037,.010508282,.0028100931,.0053304918,.00051833672,.00022066178,.00019808856,.00016962882
.77676302,.66869229,.58969301,.48621559,.36453283,.31985411,.25132853,.22436535,.14036997,.10080306,.077179261,.035362251,.024859801,.017957794,.013168506,.0052719559,.010700172,.0016584988,.001457068,.00045148074
.79291475,.6323269,.5190208,.3771064,.24956475,.24471426,.12796421,.070542753,.044237513,.030068364,.010065755,.0049771122,.0043068812,.0031574522,.00049952685,.00020898372,.000094060713,.000027070486,0,.000053407184
.91516376,.76639688,.62000662,.45316225,.37441716,.24260135,.1840023,.12376957,.075054958,.043856937,.024936453,.014855346,.0051110825,.0036293452,.00092096144,.0010760423,.0003371608,.000060898365,.00002367153,0
.48672947,.38857618,.30372187,.23988618,.18314523,.14907628,.090946518,.063645676,.04346453,.029131453,.01806695,.0094345305,.0063443943,.0050335545,.0028637275,.0019668827,.00072870532,.00036852984,.00011684921,.000048280883
.18677282,.14408916,.10607296,.080677375,.060601983,.038941272,.026416678,.020946497,.011328466,.00609833,.0041783452,.0032721038,.0014976242,.00062931806,.00044489361,.00017070878,.00025956862,.000039100552,.000028176075,0
.11985211,.15725751,.21032414,.2378525,.3369295,.33563134,.41897708,.50690097,.71227247,.65575415,.85639334,.89861393,.81566948,.77913743,.46267301,.31945443,.24295482,.25190407,.16130437,.11726277
.43160418,.34288377,.27257156,.18633124,.12234066,.1055999,.058497049,.046659701,.027541762,.017865948,.010419738,.0074224328,.0032993359,.001919318,.0013158805,.00070919993,.00022197777,.00020705473,.000066422777,.000010282517
.49087232,.62632942,.78232008,.89940518,.89724451,.7695294,.62721753,.41551265,.41158131,.21948077,.11384898,.067435689,.052523118,.027839683,.018425183,.0022540365,.0030374925,.0007855476,.00095247861,.00047379281
.37242895,.3111068,.22377284,.20276776,.13352437,.10201603,.070975229,.049138766,.042129494,.022290634,.015069465,.010410334,.0054419213,.0044900118,.0026972073,.00075185398,.00085024606,.00041408426,.00012363654,.000090527014
.41472057,.35100535,.27070826,.2324641,.19607599,.1445405,.10862318,.097724661,.080551043,.05625499,.042927854,.026820535,.016596008,.013956704,.005068596,.0071742511,.0037240954,.0014481754,.00075176323,.00085448427
.78456289,.90753204,.91359639,.77939773,.59983993,.46048737,.32812235,.25649235,.16831188,.085397683,.063236043,.02671699,.02240718,.011010693,.0041700378,.00069323531,.0010758773,.00026300884,.00012892843,.000021929613
.57920277,.43080705,.2885026,.19235268,.091954626,.053096063,.038137682,.028403889,.0089303814,.0046278238,.0012923386,.00050172035,.00011351295,.000047642581,0,.000010367495,0,0,0,0
.87670875,.98480529,.84861362,.799582,.69335508,.54369408,.52862072,.31376326,.24889314,.22428581,.12446963,.086498685,.042536151,.030055851,.022952214,.017110506,.0036275198,.0089693964,.0010907049,.0015512662
.15675637,.20149964,.2581155,.34181681,.43204057,.59090877,.72048157,.91840804,.95349419,.95255107,.54704946,.56504065,.36125913,.36015794,.20017269,.089811839,.040682942,.023365157,.0078471014,.0022398753
.83395505,.73131967,.63059908,.50720739,.42846373,.32986709,.2774331,.21252404,.1424965,.081475116,.073064357,.046845593,.029327082,.030095311,.0087939175,.0075616497,.0050401906,.0015508005,.00067780796,.0002685971
.43651178,.50719863,.62538105,.75280559,.93748134,.98678637,.96384048,.71394145,.62278903,.54916924,.37981063,.34242633,.19319586,.1755165,.10318284,.084346011,.039328657,.022296319,.015766993,.0097045712
.7642737,.66967463,.53132313,.44066557,.38674396,.25828555,.14221358,.1275263,.090670779,.055181656,.047996115,.030182846,.016901925,.0073069627,.0043792869,.0011222668,.0014443812,.00059960864,.00020406774,.00017130765
.14275497,.089271598,.056066789,.026731871,.019515665,.0098498883,.00558662,.0033956438,.0011146053,.00069438212,.00036069588,.000077242687,.000091409158,0,0,0,0,0,0,0
.78703892,.62775308,.48817214,.40058109,.287981,.2146218,.15046352,.12024221,.084550895,.032927804,.026260883,.0091117658,.0097323582,.0035488431,.0010828123,.0014682176,.00029195039,.0001616958,.000037995025,.000029734165
.50820667,.39215338,.30778831,.2267222,.17798203,.13558382,.098274291,.04765898,.047845803,.015799016,.010334185,.00317863,.0049037933,.0025348898,.00076776353,.00047546471,.0001721731,.000052651245,.000019956726,0
.50078249,.38352206,.32706439,.24730738,.21650137,.12801662,.12968712,.086966045,.047197621,.047352675,.030527467,.0068758237,.0061063734,.0022318675,.00071837474,.00084901002,.00035921883,.0003438245,.000082062994,.000033627533
.89374399,.7709381,.66400373,.489425,.39125773,.31197739,.22028914,.19119978,.10756206,.092975438,.034452952,.029259784,.016569834,.012559633,.0069040637,.0019671232,.00042811819,.0006795153,.00021987275,.000049495269
.68166876,.86396223,.96732461,.90610689,.62112659,.47445741,.31196535,.27717373,.16776432,.11800754,.053897034,.045213111,.016371813,.012599137,.0065762396,.0016323994,.0010027642,.00020381816,.000053577889,.00007353074
.12081528,.084498763,.059627827,.038772337,.028469479,.018919272,.0085874246,.0067055295,.0046290173,.0020153872,.0010949668,.00036998722,.00038903643,.000097410506,.000092665861,.000027623424,.00001228669,0,0,0
.036495917,.027669717,.020860989,.014820051,.0095140887,.0049450411,.0060736025,.0037526728,.0020191327,.00086618675,.00087728753,.00056508987,.0002711741,.00014161796,.000063357373,.000062291358,.000028597689,0,.00001045694,0
.89648962,.7754994,.66427231,.47395003,.39466974,.26386663,.24381122,.15623263,.10187635,.071919724,.046743393,.023842888,.023811458,.0092414543,.0066361013,.0038360294,.0011656771,.00035774047,.00018320503,.00016017012
.60167891,.70231122,.80791038,.96824539,.86685479,.79396462,.59139794,.47527236,.41214192,.32603395,.18607509,.11146821,.10566776,.05016904,.042512991,.014427606,.014702169,.011163986,.0056410092,.00083495904
.02843938,.016312663,.0099657793,.0058704731,.0020984481,.0014121432,.00071086752,.00050127931,.00014793537,.000052325729,.000031977183,.000030563268,0,0,0,0,0,0,0,0
.57246429,.49107808,.40391958,.35564515,.26657662,.20128258,.174789,.12954293,.10157505,.077696666,.069049075,.037947107,.025184369,.02249606,.011279804,.011059161,.0051392852,.0028462689,.0017306866,.0013219632
.23469043,.27459243,.36797389,.41285291,.52326292,.60870844,.80930501,.93717551,.98077744,.90322959,.67853928,.49142966,.3818143,.36029816,.33379814,.14862059,.10762211,.069060616,.028912492,.0051508308
.09119045,.063073553,.041486148,.032835018,.013960168,.0097622573,.0057888678,.0046871426,.0015886133,.00073032104,.00032211753,.00021802416,.00004925991,.000044663371,.000053016647,0,0,0,0,0
.27263421,.20194632,.11351318,.073326409,.04120528,.024146408,.012510815,.0055099009,.0037896563,.0019577446,.00048521583,.00019529556,.00013086716,.000023020584,.000014695292,0,0,0,0,0
.94867486,.87524664,.75830638,.62343919,.4855423,.28235173,.18257478,.095571674,.042017162,.035977744,.024880359,.011244373,.0032693394,.0009658999,.0006622161,.00049324473,.000047452068,.000011647938,0,0
.60452503,.47120905,.3748152,.28854841,.21260089,.12742083,.12451536,.070418678,.046320181,.019416634,.021950088,.0092137735,.0043647219,.0016608767,.001070871,.00017873758,.000049596641,.00024178661,.000053167973,.000010504255
.6180492,.50155509,.40457129,.29751378,.21329392,.1281403,.11098167,.059068598,.054918319,.02098885,.0095297629,.0095497798,.0041232705,.0014825711,.00084216718,.00042543505,.00022671414,.00010555206,.000046954447,0
.8233121,.72179294,.62748981,.51424181,.41083741,.34173825,.25081867,.18670328,.14775664,.1055017,.083074979,.042991091,.024894381,.020321533,.015648261,.0073447684,.0053761611,.0018140135,.0012531783,.00068019662
.27022383,.29409459,.35943198,.41239646,.46734011,.60506099,.615358,.71992588,.79605508,.93640727,.94393212,.93468356,.76198429,.79337174,.64152443,.5189476,.46485004,.29652765,.22912647,.14576553
.3931967,.31529033,.26407731,.20001741,.16405819,.10567968,.046275448,.03994865,.027172782,.015253311,.010978165,.0081503093,.0031010318,.0017305287,.00079080131,.00060250232,.00020695891,.000058861115,.000041707535,.000017670473
.45273164,.54287702,.67992991,.75616497,.90694988,.96978265,.85291797,.6812498,.45392102,.46071213,.3596698,.25015247,.21871151,.12407375,.084034689,.060459878,.034257576,.015731262,.0078769056,.002873068
.68563348,.78711796,.89765465,.98253828,.86413324,.71996325,.65885985,.56599039,.45299572,.33511835,.29391503,.23116402,.12169867,.1385148,.062748641,.058737304,.050780762,.024258478,.011637679,.0056886398
.77994937,.88246095,.9809584,.85608554,.70698619,.61485094,.47763047,.38270769,.31249201,.22288932,.1626199,.10183101,.077002339,.035425723,.025411349,.009025529,.0097566294,.0046185302,.0014967975,.0013491741
.71948242,.54705274,.44676536,.34303835,.23767091,.14884388,.083742641,.039590348,.034475293,.011330449,.0089269839,.001818735,.0012250006,.0010734879,.00020553589,.00013336517,0,.000022199756,.000016623757,0
.47569084,.36071223,.25671738,.18270975,.13220155,.10108986,.067799769,.040614862,.018019272,.0085597383,.0070464853,.0017991418,.0013245698,.00061802927,.00032800104,.000082706887,.000035870893,.000016750148,0,0
.046794254,.031594317,.017346522,.010724506,.0048060268,.0040700552,.0017708434,.00077041553,.00036095729,.00018467128,.000086806642,.000025734318,.000033655877,0,0,0,0,0,0,0
.52323872,.42931777,.28023893,.24506727,.16426161,.10165159,.069068447,.045162853,.017958434,.012868186,.0064809979,.0033654948,.0016201803,.00070212537,.00032014563,.000082206745,.000060829003,.000024210874,0,0
.065298788,.049375325,.038286459,.024072941,.014363654,.015625983,.0091862287,.0067423112,.0062956489,.0039768782,.0027881288,.00060821645,.00092687982,.0006077193,.00026671024,.0001753852,.000048401602,.000056285571,.000036114681,.000036681504
.05791451,.039589979,.026957082,.01611333,.010588693,.0066740252,.0051506627,.0030787739,.0021490767,.00046015688,.00042055242,.00018360678,.000074084492,.000040744406,.000015600926,.000026246953,0,0,0,0
.1950119,.13611576,.10274076,.064171851,.037824009,.023626138,.017618932,.010365295,.0067290459,.0026096518,.0022814428,.0012316398,.00031315529,.00032595394,.000074468779,.000031992069,.000058037072,0,0,0
.13677844,.097118996,.06802509,.040270533,.026312629,.016203219,.0074904617,.0064056222,.0028118235,.0026476001,.0010595099,.00046122738,.00023825972,.00010851249,.000033850014,.00001906123,.000012657024,0,0,0
.42265004,.33022633,.25577897,.18909648,.10469267,.079751194,.064312235,.031786889,.028523598,.017983815,.0084932288,.0032183097,.0022520514,.00092913554,.0013243887,.00034050265,.00015817923,.00004050295,.000013246043,.000016059312
.32643366,.2490797,.1867698,.1400484,.10210397,.062971175,.041786324,.031525157,.018970989,.0080602523,.0086765122,.0015158304,.001390646,.00070995762,.00038299905,.00011406223,.000093832758,.00012021031,.000017393002,0
.65394378,.7812292,.90729958,.96218407,.87594295,.65306139,.54109764,.42835221,.39395252,.19866946,.18338168,.1385321,.08051274,.079176664,.02696904,.012153516,.014342953,.0013451733,.0002752248,.00010397911
.61624038,.55310005,.46141186,.40657192,.34467918,.27448604,.21040031,.16458866,.1372072,.11151695,.068565816,.072918989,.034738399,.029120171,.017479565,.017612923,.012412045,.00483777,.0049874689,.0024274767
.80010194,.6608026,.51692933,.40054074,.26380467,.19755882,.13377634,.073522963,.051882084,.033821058,.016368886,.0087375231,.0051965476,.0018849636,.001183217,.00020408416,.00016491233,.000088020221,.000025554709,0
.31754166,.25212559,.21559183,.16471866,.13813145,.11473121,.090513423,.065132819,.050628252,.036195267,.02425147,.021058023,.012939052,.0074277557,.0045202314,.003321704,.0017207463,.0011694712,.00084110099,.00065681443
.066175424,.039252292,.025033183,.014575478,.0058173765,.0022064422,.0014104827,.00098236732,.0002184864,.00012983993,.000084685773,0,.000010347395,0,0,0,0,0,0,0
.21552892,.18474191,.15039085,.13346519,.10553588,.087468579,.056572549,.045983739,.038853016,.034119595,.026704237,.016316205,.0087313792,.0088622952,.0049277749,.0030909912,.0027037722,.0018170893,.00092426088,.00070493924
.17044654,.13181964,.095318548,.067548208,.041205283,.027982635,.018262537,.015816938,.0071381754,.0036527866,.0024331601,.0018202958,.00072450383,.00042292551,.00020608927,.00017003785,.000029736831,.000011980119,0,0
.58305466,.6950779,.79336089,.90771282,.99844527,.94703811,.81252247,.63651127,.57742751,.44815949,.36561948,.27071956,.19327772,.17347495,.087706834,.059568994,.048636101,.024088457,.029139714,.013740761
.97592479,.8497256,.71135485,.66383183,.56552184,.45341837,.28781798,.21815296,.21877889,.11927132,.071756817,.063859664,.040584147,.019485431,.01612846,.016775789,.0016136523,.0011936435,.0011064552,.00074498187
.58495265,.49532828,.42703828,.33139467,.26516694,.15253513,.13968176,.13735937,.070859112,.04901012,.024171853,.019915916,.011952996,.0096459286,.0028597403,.0023831688,.0015176183,.00055981695,.00050480018,.00012809299
.48559183,.385867,.30500987,.2141275,.16150528,.1038685,.070334546,.037354533,.023851352,.011495434,.015195309,.0052004931,.0019725678,.0016889614,.00061071705,.00026363228,.00015190151,.000062854269,.00001589141,0
.34053355,.43354851,.48811218,.63061392,.73348629,.8518846,.92746627,.73047101,.72142118,.60672808,.5415802,.33252499,.28498295,.068212934,.16664767,.046034507,.029170752,.023583369,.011148003,.0088651842
.076974198,.042007219,.023988402,.010950454,.0051430673,.0018800397,.001146169,.00032126092,.00026459992,.000035655899,.000028984832,0,0,0,0,0,0,0,0,0
.85805392,.73827624,.5978843,.48729041,.39240459,.31530407,.22818916,.14598328,.11364026,.072906621,.04216465,.026265476,.020567616,.010316375,.0069214241,.0026307188,.00084588566,.00085990736,.00031704898,.00010061474
.80956072,.9399696,.87796944,.76118773,.6421324,.44493026,.34706071,.28979096,.17634691,.099294633,.069553554,.030497991,.019400213,.010517417,.0019203286,.0030001607,.0009657811,.00023721778,.000047186451,.000062709194
.98736966,.92153001,.80343229,.74647701,.56650299,.48403698,.37908727,.31751335,.26628122,.21974427,.15633938,.12033544,.065160282,.066364683,.043973967,.01770399,.011878393,.0068118419,.011353315,.0050363876
.13401109,.10212256,.062324103,.047867712,.029875705,.021016208,.018092971,.0070469696,.0046155057,.0025406904,.00086710538,.00066023023,.00043194561,.00020636515,.000082027334,0,0,.000012444726,0,0
.37483102,.29137969,.22368155,.15326819,.11923613,.071001299,.049710777,.034275077,.018474014,.0091841631,.0058695041,.0020980996,.00092533941,.00057891023,.00061783032,.00020182859,.000077810335,0,0,0
.024715547,.016536033,.01041589,.0068158191,.0038796749,.0025150375,.0012528365,.0011774704,.00059096352,.00028476171,.00015337704,.000073275784,.000033010918,.000012525372,0,0,0,0,0,0
.98366219,.87691176,.65157717,.60047197,.40998065,.33660427,.2363449,.13902363,.072918698,.063103586,.035343014,.021425016,.0078030834,.0034546379,.0022293613,.00078752887,.00023318401,.00018522829,.000065890657,.000013324057
.84100372,.65325129,.52138633,.43198287,.29790047,.22357689,.16669039,.12549821,.068045825,.049026057,.017707387,.015285622,.0053952136,.0017325199,.00076226791,.00022844484,.00001287375,.000021613794,.000014948399,0
.21304516,.2580744,.30136499,.39354256,.46857867,.63914144,.64017659,.85048479,.97880471,.82130158,.68767285,.67112869,.43352577,.39335117,.32637212,.19780765,.16190557,.10129198,.054397348,.0048045241
.69511479,.82110298,.87521458,.97161472,.85583723,.71265906,.5795086,.52454728,.46409556,.27803802,.22699571,.18743213,.11367038,.12585752,.066645689,.050662931,.035094235,.0089426497,.0069860755,.0034323139
.8029843,.68240768,.53954351,.41399777,.32384345,.1945321,.17128105,.12854671,.046493329,.040990133,.036466353,.011293777,.0047861882,.0022627502,.0005975989,.00039257546,.0001533874,.000065567583,.000012599907,0
.82235962,.6890685,.60272694,.57872868,.49485499,.40772513,.28301257,.26562074,.21448113,.14623614,.10999906,.058358699,.047245257,.044318169,.028461955,.01196484,.011246296,.0083729392,.0044069248,.0024332663
.82829583,.970801,.86674947,.64588034,.52103287,.38502249,.25427502,.14864977,.13484786,.052109614,.029197212,.013668485,.0084283566,.0040533668,.0030745382,.0010522273,.00013650632,.00014801425,.000013748755,.000024208975
.36859819,.26995853,.17718011,.13173516,.088869087,.05013983,.01618918,.013142767,.0033721137,.0026092876,.001043314,.0007212463,.00028341691,.000086158572,.000027855314,.000015402484,0,0,0,0
.81237495,.96368152,.96450973,.77581882,.67854971,.56580293,.42130762,.3775582,.29045346,.18176399,.19243027,.0971516,.067251921,.04376252,.019902278,.014165428,.011068785,.008045977,.0016908577,.0019882456
.27424031,.34030044,.40322745,.48803541,.61209571,.73792201,.80034494,.93028718,.9523555,.70743757,.59303147,.53837627,.34218293,.26019505,.20303255,.14102562,.05582403,.041040596,.024858374,.0029753698
.032118194,.024675839,.020790486,.01494599,.012131487,.0099410508,.0083510932,.0052813403,.0049036518,.0028107131,.0023229343,.002221752,.0013253698,.00087362173,.00055830448,.00025922165,.00032676666,.00012633315,.00013159936,.000044960969
.1801938,.29390532,.34117967,.49098089,.60868347,.95393127,.93457884,.83255756,.55963743,.38095734,.21327165,.27761418,.12575606,.067907609,.013816211,.0091650654,.0030348159,.0014853146,.00077106769,.00097672583
.25874752,.32189173,.38686728,.45413727,.58718264,.6143958,.8163119,.90399867,.9369657,.74702376,.71367258,.59553105,.43697068,.32127228,.30458158,.20613527,.13016389,.15774696,.045219276,.033171993
.55028635,.43519288,.36362767,.2750473,.18430141,.13031003,.073130198,.06829349,.046865277,.020562494,.010967731,.0098110409,.004773824,.0025631911,.00081956084,.00060353969,.00012961673,.000058975122,.000051962001,.000011172404
.80447656,.63467771,.42570758,.39746183,.22299841,.21643375,.1093445,.065989487,.047632873,.024693403,.0063241515,.003710188,.00068792002,.00035972323,.00028373214,.0001616339,.000019349995,.00001703779,0,0
.30427068,.21295194,.12022458,.089023739,.043253604,.01804604,.012173047,.0038748696,.0028013117,.00042126546,.00012193331,.000045584795,.000025644891,0,0,0,0,0,0,0
.24390839,.17896645,.12503341,.070846677,.040707927,.022759873,.011786579,.008400023,.0046875812,.0035741255,.00064223033,.00020027606,.00028274217,.00014938775,.000018174851,.000023050128,0,0,0,0
.25645849,.17492767,.10533492,.059478521,.032636706,.020535264,.01851414,.0044664172,.0038857497,.00052750693,.00020961578,.000092550632,.000017689903,0,0,0,0,0,0,0
.29502213,.39627019,.52055675,.70798045,.86829072,.97516531,.87052387,.68778139,.51386571,.3936964,.229269,.13424803,.073780313,.046134479,.028750367,.015474204,.0070905206,.0019075209,.001492322,.00058854523
.31965452,.42849195,.492515,.58816475,.67527533,.74099344,.95677215,.99526834,.69352269,.69122356,.4969207,.32749727,.47921738,.19955103,.18221052,.13276888,.050454922,.020166295,.011887364,.021293692
.031952064,.041480236,.051021893,.067368485,.093720004,.1383817,.12065011,.19949368,.24556513,.30719528,.46998179,.431113,.70058453,.87166274,.84539104,.85491556,.65226531,.58535892,.54657781,.37607291
.76207852,.85267675,.98037249,.80907685,.74608445,.69039559,.43658587,.40822357,.22766732,.15287043,.12281043,.081696525,.035145678,.023024084,.024814842,.0079898629,.0011815901,.0040608826,.00061792572,.00075052708
.41649276,.33336747,.25070328,.18782461,.1316016,.093806982,.061491959,.041332152,.029063307,.016433675,.0098427795,.00635206,.0039434088,.0021257582,.00049804867,.00057297823,.00037123903,.00016631139,.000097871336,.000091246555
.094626665,.12589841,.16257264,.27168897,.39248922,.40357113,.53966469,.8302477,.82839632,.92047119,.65305275,.59562403,.59240466,.26723751,.087701097,.11387821,.045149345,.0094493469,.011290548,.0053772214
.43984669,.33709151,.26528573,.1761982,.13590442,.068401851,.073847011,.037591781,.025457729,.010371992,.0083442628,.0047880821,.0026694415,.00083556335,.00030957919,.00052736147,.000054311342,.00013493605,.000026839147,0
.091394551,.12471657,.13180834,.17670853,.26011524,.29140684,.32119584,.45731986,.61116982,.6087417,.83805257,.86181515,.98612845,.74314272,.54829949,.39219329,.32388917,.26365745,.20728086,.19432591
.15183493,.11457881,.082333617,.054768268,.044369567,.026696149,.013352636,.01089864,.005552941,.0027462831,.0016192478,.0017278517,.00096706819,.0005451648,.00020262306,.000045923261,.000069069465,.000026315813,.000012459086,0
.24391481,.19678496,.14092934,.083227046,.082739502,.045063399,.027854942,.0184018,.012024658,.01347313,.0025337972,.0020244396,.0015121467,.00067499501,.00019698247,.00013640561,.00009103847,.000016221391,.000012044668,0
.0067634871,.0035788494,.0024785686,.0014391448,.00066754071,.0003961976,.00020946513,.0001465191,.000034206121,.000035746529,0,0,0,0,0,0,0,0,0,0
.95836586,.80239999,.70613432,.55237466,.43016404,.31007275,.23304129,.166567,.13308303,.067559406,.039171506,.02266058,.010717224,.0081926454,.0037370878,.0010248778,.001299877,.00010499567,.000077046003,.000038642669
.50584424,.39970952,.31620684,.25466791,.18529262,.15863396,.10209774,.071428962,.046652846,.034913953,.018876608,.013611685,.0073673078,.0032435479,.0009498591,.0012360449,.00037336405,.00027418332,.00013221327,.000095371157
.13440575,.10278518,.083477303,.063363329,.038857345,.022914276,.01963019,.01314958,.012359325,.0046509719,.0036059718,.0019414723,.0010985852,.00076487742,.00046568044,.0002846524,.00019850449,.00012907684,.000034260782,.000016323605
.87979156,.97712171,.91739732,.66422462,.64205521,.52943242,.3551448,.31402257,.24640606,.15083623,.13680989,.094509885,.042802282,.026799155,.021572437,.012741382,.002254182,.0026541003,.0018095814,.00050026603
.7291615,.60642678,.43534029,.35212594,.25935063,.2180516,.099856608,.10033698,.046057075,.022736026,.010804176,.0075222622,.006442335,.00090633216,.00072714454,.00023256413,.00022183567,.000091092152,.000037028407,0
.14957738,.10338034,.056450155,.041488178,.020136442,.015525836,.0059070634,.0037177901,.0017284659,.0012248984,.00021366357,.00013233285,.000076005279,.000025167939,.000015566015,0,0,0,0,0
.46648389,.36051205,.27031633,.1895248,.11782096,.076134421,.065123595,.041430555,.026990667,.013041184,.0059795161,.0024344968,.0024556278,.00094476779,.00018002016,.000093815055,.000068249079,.000035347315,.000017428571,0
.91180634,.80003405,.701298,.50587046,.38199133,.36927208,.21109605,.13367492,.10666703,.058961201,.042108282,.015568709,.0083560152,.005323688,.0070418632,.001000906,.00018341371,.00014177203,.000046654608,.000057030076
.98886836,.85837305,.76272255,.62322694,.44077137,.40337437,.32403022,.20352468,.18231197,.092793472,.051525556,.051243629,.016824106,.011167222,.0077567049,.0036748303,.0037150939,.0007021288,.00015379983,.000063438813
.59152901,.48476323,.39599341,.31110612,.22295924,.14881606,.10180217,.068398975,.038874261,.035082791,.015394039,.006313167,.0048013511,.0034013852,.0014602788,.00021341351,.00036708586,.0001451181,.000019997889,.000040292674
.73697054,.86467749,.97396541,.87061077,.80083954,.54781765,.4865928,.33700335,.27734455,.17971689,.099752262,.12282819,.030676678,.051433884,.0059248088,.029621542,.010216977,.0018664416,.00017514912,.00042379729
.054894999,.03590605,.027106874,.015574415,.011229896,.0061041806,.0038846484,.002451364,.0019814654,.00055276597,.00051748904,.00027653365,.000097844037,.000049642043,.000026154341,.00001086155,0,0,0,0
.96979445,.94214857,.85902625,.75173539,.65818518,.56789881,.48683816,.45851862,.37899634,.28647438,.23302913,.20630763,.15561387,.12523104,.078067914,.055061374,.050825071,.034420583,.023604618,.010304712
.072525464,.048295435,.024047971,.013880622,.0065391231,.0030756653,.001989569,.00056777394,.00045189969,.00016386496,.000051336465,.000017907569,0,0,0,0,0,0,0,0
.53915596,.44789672,.35182321,.22810917,.15114611,.089686558,.075308844,.049168557,.037980296,.012109298,.016906582,.0079214256,.0037833401,.0014428897,.0005115238,.00022068276,.00020019805,.000069371861,.000019627905,.000017500644
.5163548,.62866694,.7008577,.81135118,.94073623,.97360379,.75619829,.70520461,.50012994,.36480474,.29172489,.20256642,.17194355,.10273189,.041881513,.053722467,.025449527,.030129751,.012993474,.0035448633
.23172489,.27800876,.33475858,.41162509,.48082325,.60742497,.67148244,.77360517,.85951167,.90942633,.76608384,.86319643,.5142954,.39946181,.41911817,.28031674,.13526972,.14903206,.10145543,.11380835
.57930923,.69195521,.78282082,.87651986,.96468288,.83662844,.77157509,.56795543,.67582697,.47784755,.36402306,.28913209,.15994506,.10731757,.10947444,.07688158,.040933654,.04239738,.025852738,.0094895
.38885343,.2976644,.2301835,.16840951,.10053843,.077434905,.046080295,.022592193,.017713087,.007795787,.0036418529,.0035831537,.0015674658,.00036657605,.00019234545,.00010776392,.000033500666,.000014236197,0,0
.3006407,.37817398,.4507328,.58847964,.63560879,.87283683,.99026453,.96845436,.91539383,.70285743,.56085324,.43269879,.41598395,.12899359,.1135628,.061297208,.071140863,.071946546,.024527801,.014464219
.38673714,.29782847,.24512479,.20098951,.12656975,.095032245,.064285569,.036037467,.013068386,.014897033,.0086502917,.0054022353,.0034722304,.0016237977,.00063814537,.00019575264,.00020369739,.0001653751,.000029476038,0
.3130815,.25091141,.17924851,.12560408,.10417946,.059166722,.044201251,.020769468,.015560336,.010217652,.0050618453,.002719603,.0017781045,.00052684284,.00023843371,.00022980625,.000033269967,.000019490422,0,.000012624917
.44730729,.3561976,.28154257,.22094473,.16535982,.1313501,.087989129,.05809857,.030264715,.029893935,.013649448,.010761771,.0061132847,.0050346986,.0012833978,.00044280669,.00034323725,.00036809081,.000082036313,.000046632384
.82911587,.93021518,.90747029,.8448953,.69342643,.61305499,.42481929,.41267321,.3030819,.15391374,.1573752,.10316711,.058072019,.071327314,.028741743,.016325869,.010766747,.0051780595,.004119501,.00054276088
.36307183,.2929326,.23499076,.17079303,.11956333,.069943815,.059336632,.035702351,.028852994,.01720386,.0087949652,.0040861699,.0031959633,.0025517582,.00091117754,.00045891196,.0002881175,.000059227757,.000041921074,.000016210162
.3027285,.37369263,.46693668,.54760039,.64019752,.7402761,.96632767,.91747028,.77438384,.57502609,.61279273,.3497858,.32756394,.19522309,.12984575,.12916707,.063181698,.032579161,.0085323667,.002812715
.71937037,.59853315,.52560806,.41198057,.31114843,.2466055,.18390457,.13963182,.091696985,.07093364,.052621007,.021719696,.024151245,.010155931,.0051827896,.0040187924,.0036486262,.00066758628,.00095959695,.00027235338
.74746752,.86344379,.99327266,.84925181,.73578542,.63498849,.46306962,.37461504,.2722016,.19078948,.16271892,.086211011,.046370361,.039540719,.013565977,.01485133,.0014121591,.0022682142,.0011421785,.00027020805
.3112236,.43547961,.54189301,.70184654,.82597858,.96450388,.81025147,.5546717,.4919177,.31058776,.21126032,.13131815,.070018105,.041854572,.010894588,.0048581329,.005463209,.0031751429,.0005416947,.0001831314
.52298337,.64350188,.81430882,.95713556,.99644673,.82636559,.62735987,.59686619,.43249527,.38749501,.24152438,.18801604,.11103525,.046152692,.044378441,.018082859,.020140855,.0042197746,.0015158276,.0016422849
.12195371,.082695559,.032627072,.028308155,.010561005,.0061502103,.0051706694,.0023631137,.0011018439,.000098779754,.00014219512,.000050386992,.000040624058,.0000244152,0,0,0,0,0,0
.57571036,.68115073,.76173884,.89198881,.94020182,.88799655,.68388325,.63763881,.45301038,.3867254,.257999,.25397649,.11514211,.064927526,.04986335,.043222535,.033862557,.0098456778,.0052691428,.0052875993
.81206673,.74405706,.60030192,.47133717,.43989542,.29609427,.25077739,.22475198,.13203703,.12862122,.048680831,.044921387,.027316425,.01801654,.012913271,.0056633349,.0022503021,.0015655669,.00063262886,.00036496998
.32729787,.23290128,.16294347,.10936059,.083181031,.05107322,.038333505,.012623808,.006666142,.0089237699,.002029985,.00041091372,.00062323548,.000092449503,.000040563576,.000019918882,.000032794789,0,0,0
.89549595,.73989826,.58708429,.49380884,.3394132,.27649918,.18795606,.10466628,.066185534,.039771162,.02567286,.01195716,.0056702541,.0057798885,.00089026248,.0009292466,.00024973979,.00013190397,.000053821797,.000012271354
.81605512,.6512773,.50495356,.44658083,.29890677,.19022682,.1530825,.091635801,.060289577,.035501976,.019010909,.0053143403,.005305138,.0010817368,.00045935131,.00014081976,.00014007289,.000049627495,0,0
.47956663,.36611971,.32367113,.27225026,.18646565,.1398987,.095226906,.072153829,.049525011,.019496039,.022678133,.020550879,.010192127,.0042932862,.004385368,.00075865927,.0013556049,.00038950332,.00026299933,.000038733309
.7914387,.66290981,.48711139,.37862325,.2787427,.2142083,.15832475,.074221261,.051198658,.034555834,.021044167,.0084242104,.0044288971,.0025591839,.00034774738,.00022877697,.000088216686,.00011272827,.000035592017,0
.18674752,.14767358,.10224735,.080031037,.038832307,.022530133,.012192173,.010862418,.0072030961,.0060169976,.0020785662,.0015944953,.00055054791,.00096987572,.00011304798,.000054588512,.000031767737,0,0,0
.81037891,.69926757,.59636742,.49268386,.39351794,.2270292,.18510257,.18290767,.1056695,.092725329,.053139661,.042646971,.027408838,.01570333,.0068559912,.0035687631,.0037449636,.0010779576,.00074080314,.00023044011
.83131933,.69062531,.4889701,.39368832,.25690848,.16176176,.13094188,.051200323,.048897434,.04176423,.005352967,.0028987334,.0032257801,.00090753956,.0007109326,.000056459194,0,0,0,0
.76672071,.63231152,.48426244,.38882759,.26990443,.18038359,.15110537,.13117363,.045425765,.025352182,.024632717,.0087457588,.0031751897,.0021733532,.0013502375,.00084674224,.00015816659,.000093660172,.000018033285,0
.76236743,.65365565,.52590996,.43474454,.32643715,.23028842,.17905034,.12886792,.052165031,.056908585,.030605217,.027605098,.011298623,.0084571755,.0047393669,.0018715919,.00079556421,.00026315881,.00019554392,.000056347093
.013207142,.0082947547,.0050310371,.0029010549,.0014301965,.00073424663,.0003662605,.0002301436,.00013830759,.000051484272,.000031179188,0,0,0,0,0,0,0,0,0
.17247991,.25271723,.3504819,.47138712,.63816744,.79950494,.99828154,.84089947,.50883394,.45154133,.26184472,.16726632,.16517599,.03396162,.021565793,.017432656,.0018430894,.0016476428,.0015946127,.00021329903
.82954711,.95045459,.90823406,.80034173,.60846645,.50486344,.42893356,.30438927,.21517192,.099823162,.080583252,.065641075,.048639894,.021646969,.014278705,.0059409151,.0028806236,.0014904477,.0012139076,.0002788126
.65734816,.77337807,.94136506,.95874435,.7552526,.78249526,.54913443,.40609479,.26952773,.19934215,.13775218,.11239482,.098536298,.041753262,.0087147886,.014869425,.011107319,.0040658507,.00034693384,.00088852266
.33257481,.23561443,.16843218,.11007281,.060601693,.046008646,.013520827,.014251968,.0044400734,.003145765,.00094617909,.00069013383,.00012237662,.000027867816,.000025241354,.000011642061,0,0,0,0
.46175113,.53913748,.70456296,.78334957,.89164633,.98320687,.88995403,.62531173,.64242321,.47765589,.33103347,.23383789,.25306922,.22333413,.080299355,.07140328,.033361033,.019128921,.012671136,.0041137515
.43017921,.53863776,.71754187,.85205626,.98418754,.84573495,.70805073,.54714912,.33851135,.29942548,.18028764,.13021219,.096836902,.05751925,.027718429,.016050743,.0041383388,.0046205246,.00069207692,.00027081792
.91326636,.94918519,.83254141,.67394745,.56073272,.46343923,.29306149,.2816945,.2089034,.11322543,.081009999,.042628661,.019708423,.014113198,.010498893,.0058031725,.00098673406,.00067319017,.00028006965,.00019670124
.33783719,.44754249,.5952884,.68111831,.90052372,.94841397,.77134478,.59050643,.41037601,.27458444,.19858335,.1598461,.11549161,.065357037,.023590162,.014423712,.005328889,.0045497548,.0016270991,.00034191372
.16674584,.23641318,.29354504,.28065655,.43956041,.50060028,.60018182,.72688901,.78393477,.93589085,.97153151,.9972105,.72761732,.40646765,.46072471,.38722619,.23725982,.16521631,.13454387,.10832799
.39732221,.47677279,.59522223,.68331265,.76846373,.9130466,.87596881,.76742178,.72378409,.54033315,.48855519,.24329369,.24119009,.18368746,.072052918,.08292681,.027119646,.02479084,.018756019,.0085644852
.33433586,.45223984,.52617133,.62054765,.72114915,.89198107,.96881342,.91937453,.69175112,.48196885,.52169538,.36737528,.24689059,.11871837,.10250259,.076150484,.017072707,.023608865,.011425368,.0028960528
.054122966,.041294683,.028017331,.025302747,.017092681,.012284935,.0097756023,.0067153154,.0053020185,.0030956862,.001551481,.0013190209,.00052487885,.00031840516,.00031144902,.00012973713,.00012220844,.000043919343,.000040628376,.000021013186
.93841547,.92152357,.88553101,.66054571,.54598671,.48736691,.37264183,.26417053,.20290263,.128258,.091468908,.059404459,.019932387,.011311215,.0092560844,.0059029395,.005581378,.0061318334,.00045464409,.00019198423
.22050367,.29076171,.37375391,.48148823,.52918732,.65035099,.92000496,.98279059,.79872209,.77457368,.67939007,.33692276,.31443715,.3006385,.20655943,.069058955,.02563148,.01093261,.022140402,.010474226
.21617062,.15971503,.10530734,.078676596,.049450848,.031438682,.020443304,.0091783321,.0083142323,.0046193604,.0025138436,.00099273399,.00040939378,.00023721743,.00011099558,.000071891671,.000025261508,0,0,0
.41010103,.49073064,.63233995,.74899143,.93382269,.96056432,.83942032,.64030969,.5381735,.45359197,.30809602,.17202143,.1712817,.1204268,.046418142,.033304907,.015978254,.0030954252,.002903803,.0019936748
.38058168,.30360794,.23914915,.15140599,.11058502,.072560862,.049065489,.021728883,.010689699,.0085117025,.0043090549,.0017950996,.00096225925,.0002710101,.000092389892,.00013990291,.00004368736,.000023154458,0,0
.60365063,.49661994,.37978324,.31532845,.20171155,.19699872,.084715702,.054258592,.045382056,.035133094,.015801609,.0059967982,.0046457583,.0011379712,.0010057434,.00031118552,.00036226306,.000053549218,.000090380221,.000040148632
.98373425,.84640568,.726726,.58092707,.47736338,.34070548,.22303407,.16746022,.1036808,.056348003,.045320701,.017897978,.013736927,.0079955021,.0027412034,.0016340935,.00028434469,.00032247431,.0001298139,.00003658461
.64416361,.6978187,.81695968,.95426208,.97940189,.83320493,.80823934,.6230039,.59797508,.45428208,.48437127,.35273346,.18461658,.1833984,.10631263,.12739114,.067115791,.050537508,.040153626,.021565638
.10161301,.076372877,.05723121,.04009597,.029615227,.019181678,.0093951011,.0058796224,.0050230068,.0026876256,.0015367469,.00070504757,.00043865215,.0002917755,.00012582319,.000070168055,.000025809461,0,0,0
.54057604,.62225878,.73392373,.82332963,.93836021,.99818063,.88802868,.77317005,.62549877,.48368728,.46138239,.30001515,.26263884,.16989926,.13292491,.22110218,.056780614,.040780157,.016966488,.01265627
.057644796,.041836809,.026704131,.021762723,.012729516,.0065881973,.0055312901,.0028399366,.0027537204,.0013043837,.00067194935,.00041607532,.00020351092,.00010436637,.000053581804,.000029662671,.000015801352,0,0,0
.72026795,.60364962,.5222618,.39801559,.29494569,.2792204,.17120408,.15835449,.054783348,.035550438,.040611915,.015777469,.0095202578,.007601358,.0035926974,.0017315596,.0011330859,.00024861665,.00012142047,.000052327239
.78444898,.62258005,.49149725,.32418716,.20485297,.15120821,.093701527,.057047002,.027088307,.010113064,.0091780862,.002965261,.00081553729,.00060267869,.00030417502,.000087771696,.000026971269,0,0,0
.87610143,.74453074,.60123926,.48260117,.40969592,.26547569,.24303593,.14512941,.072032221,.067790039,.059658423,.021590667,.015970044,.0063626035,.0035077941,.0014809865,.00038502869,.00021768121,.000088103909,.00013094791
.42383614,.35675323,.27032164,.24744515,.16862451,.1394641,.10527059,.051976871,.057886466,.027700327,.020876816,.011283831,.012476371,.0065213284,.0028201609,.0013910772,.0017811991,.00022084244,.0002263887,.000088148729
.31041628,.38969868,.47227442,.63359517,.64718997,.8522287,.86894935,.92444777,.80474383,.60162657,.60048366,.48600987,.326442,.19118223,.13523899,.072827451,.097154297,.024653943,.022950776,.02335323
.63793373,.74850249,.87564015,.92170024,.85057926,.83710349,.68018562,.61427742,.5547443,.38336968,.29647663,.17921484,.097134568,.057310686,.040808816,.022723729,.030090155,.004785005,.010230049,.003245773
.27755329,.34817144,.40774038,.52556914,.6261766,.77715659,.80769491,.99472904,.89807004,.68175983,.66991752,.46661779,.31153306,.28470796,.16194859,.079603776,.034709908,.031492416,.019033104,.0021532846
.092530183,.13212876,.18128893,.24126396,.28528991,.41447029,.52252078,.68962651,.87975115,.93799645,.91053504,.68248963,.51428777,.42149726,.29556817,.21814282,.15468016,.074987732,.020320639,.035206567
.34666437,.28176302,.19398281,.15180972,.085761987,.060879447,.042784888,.024522712,.013668455,.0044879545,.007244749,.0035056977,.00047058437,.00054637378,.00040748928,.000093460876,.00003685824,.000028763441,0,0
.40617931,.32068783,.2570186,.20671372,.14514425,.11267101,.070276462,.061525762,.027501924,.015510327,.011108234,.0056031113,.0059109409,.00095557777,.0018521951,.00079791446,.00044824329,.00010236898,.00010808274,.000035976522
.21039097,.24063024,.27778819,.34117922,.41033736,.44591811,.46630248,.59728968,.66555911,.68555802,.7658788,.97789711,.86311364,.94784856,.91392666,.72274429,.5214166,.42326057,.39443594,.25491783
.7115739,.58542877,.49800831,.40264368,.31680188,.24398038,.21331805,.11648847,.091433942,.067049965,.0483955,.021753829,.022506732,.0081889583,.0084643597,.0015709515,.0027275081,.00063800137,.00037586258,.00029944669
.23874956,.18348064,.12680238,.099429965,.046284828,.031948283,.024907235,.0147955,.0088790786,.0046873312,.0016279696,.001550869,.00083046313,.00010633846,.000076865916,.00001746493,.000017094973,0,0,0
.51739138,.64098209,.71563047,.83771586,.98411638,.90122789,.60359764,.56708664,.42546323,.31797558,.30464652,.15214899,.082064621,.079125367,.035801314,.071285069,.0078777326,.0036325145,.0024820669,.00086806156
.14708191,.18654209,.22606021,.28322527,.33287102,.38464254,.50161046,.67053872,.65279108,.67803872,.85621095,.98609769,.82760209,.75885212,.64491224,.54061192,.39534646,.2997871,.22599125,.15650511
.57106137,.49332279,.41361272,.31715694,.27204546,.23852602,.15390603,.10200319,.094816625,.052698564,.035272907,.039216373,.021442279,.013550546,.010175684,.0037106536,.003179217,.00078723341,.0009395025,.0004212097
.026132476,.019878745,.017372694,.013205381,.010676981,.0070782462,.0067271898,.004779458,.0035050157,.0022976131,.001726495,.0014597132,.001228388,.0007144431,.00045807732,.00034290296,.00026838647,.00019519926,.00012282156,.000053119067
.21754034,.28786966,.34422114,.48404819,.55400199,.67346495,.86984009,.93918681,.83850574,.73161262,.52173048,.28020793,.20401639,.19125369,.045932431,.071984783,.047895398,.018883539,.005607978,.0015498603
.28713664,.20896077,.17955019,.12309285,.1058404,.073990971,.032947689,.028478609,.019083267,.0093261944,.0081442408,.0057964604,.0020088952,.0013200305,.00031567636,.00082306861,.000096658841,.000026190777,.000019940033,.000021165413
.54494721,.62585777,.78436434,.89973623,.97405702,.9040677,.73429978,.60711443,.4739126,.48826295,.4541108,.22861469,.17249991,.14372867,.14059883,.063149877,.026524149,.012345919,.0014138315,.0066644084
.79861236,.91565126,.99209678,.87800181,.79389387,.70113224,.59210294,.40942967,.40293622,.22691567,.30319291,.14566088,.1474684,.072404541,.069766395,.018651418,.017116636,.013410508,.0071864375,.0044813827
.42012736,.31841007,.22272758,.13594057,.10795728,.062258087,.035554402,.022925394,.014334718,.0070765084,.0031576222,.0017119678,.00055040582,.00031649321,.00012129276,.000060044116,.00005550338,0,0,0
.19495942,.24189186,.29493988,.40733442,.49100006,.58969909,.69776624,.78342164,.93774873,.95616722,.89912212,.58243465,.58184057,.36051899,.39497295,.20250313,.1594952,.037013728,.031802237,.023685239
.36062416,.2578226,.18873642,.10361738,.074555121,.04481677,.028070927,.016273899,.0080799684,.0027959677,.0018520597,.00091758702,.0001063699,.00016363055,0,.000014801783,0,0,0,0
.3199586,.42613178,.4813607,.52017504,.69051754,.78946996,.79373097,.94900614,.89426416,.78532112,.60129905,.39473289,.54055971,.1658489,.35097098,.098122805,.2186956,.097742036,.01367938,.025891833
.57460225,.44407216,.37007281,.29680842,.1663436,.12625013,.086296216,.046778258,.033190351,.012668307,.0064512985,.0038647051,.0015027577,.0017925052,.00024691573,.00014556271,.000095577088,.00003457252,0,0
.28363654,.35656592,.41906741,.51823211,.66367978,.70983469,.81137627,.95493406,.87784833,.65391946,.57297128,.53360057,.34753695,.26315707,.23721305,.16732365,.084974289,.053652346,.03802786,.0099928854
.22491902,.17262894,.13715525,.086086847,.063656472,.042510599,.028606445,.017718928,.010112004,.0085413577,.0038066746,.0023679028,.0013588582,.0010244091,.00036171259,.00018260657,.000096529082,.000076953751,.000019243722,0
.47263733,.40562555,.34215516,.26084119,.2233348,.18128876,.14332384,.10319465,.071474716,.061078459,.042949196,.023395302,.015506503,.011762932,.0054763276,.0049364255,.0034240177,.0018920475,.0011719976,.00040444382
.96488494,.8375023,.62526661,.52033561,.30625284,.24916942,.17864069,.10943191,.090683423,.03667951,.034694288,.018718949,.0069869221,.0022007287,.0029752054,.00045831728,.00023821338,.00020108517,.000063152867,.000031893178
.29667839,.37259319,.44391915,.52271491,.64748156,.79715866,.89911288,.98990297,.94448751,.70918059,.60072571,.35972491,.32309234,.29400942,.18720099,.1142627,.085748926,.046198938,.038408339,.0076712454
.052621115,.03733312,.027685318,.016487109,.010689023,.0081908777,.0045301612,.0025879776,.0018953867,.00087498984,.00095857296,.00036952979,.00018570518,.000062787134,.000075101918,.00002101616,.000017314132,0,0,0
.96716708,.82981008,.66572297,.59232002,.46656007,.36690307,.27724376,.15277763,.1432952,.11272617,.049226541,.033740986,.017536469,.013264253,.0067617674,.0043045776,.0012733225,.00048983615,.00026871014,.000044475535
.65537757,.76637548,.91506654,.93567282,.84188718,.68656176,.5103417,.36580682,.32980126,.1923366,.16119331,.12333688,.058205187,.023146441,.020108011,.0098878611,.0069384393,.0014516779,.001973991,.001424621
.91171676,.80373508,.74876785,.59677631,.55606186,.40689987,.33042333,.27905774,.22662392,.18621269,.10647722,.12525965,.087785631,.026038654,.012270074,.016978547,.014826843,.0034821364,.0036421649,.0022093363
.567505,.45466539,.33821443,.28253645,.18508406,.11304677,.05934995,.054830913,.016628627,.005598993,.0086404206,.0008152682,.0024785285,.0016049626,.00006055873,.000039180584,.000054265154,.000023489289,.000016182634,0
.71566874,.86185938,.97761089,.85999972,.70213276,.53393191,.43764719,.29946786,.16558671,.11773541,.10903954,.040883381,.037240468,.011248009,.0080916025,.0012375981,.0012240568,.0002903828,.00050204137,.000050747971
.17829031,.14090258,.089348927,.077660918,.041831765,.028697656,.016984843,.00881097,.0057641538,.0030483673,.0012504149,.00075501483,.00033219965,.00021546904,.000057763606,.000028583654,.000022253669,0,0,0
.60143906,.48798209,.35715038,.26377046,.18723625,.14189117,.082287028,.051005848,.026524246,.024318313,.0075733536,.0045777205,.0023573458,.0016555464,.00050773058,.00048938289,.000095644849,.000024568844,.000028845445,0
.20604409,.14676149,.10689013,.048239164,.047601029,.019767225,.010061675,.0080888569,.0025613201,.0024238224,.00072024314,.00019708423,.00014390722,.000098011689,.000012758955,0,0,0,0,0
.97632414,.84643543,.73991257,.54961252,.52769035,.37946486,.2460947,.2603614,.15615147,.078831673,.059606191,.049352001,.021994548,.0133417,.0029153368,.0054722456,.0019361448,.0022300642,.00037634771,.000084991509
.46276394,.37391216,.30170339,.21142083,.16920194,.12870675,.065083094,.045555871,.036242235,.011853569,.010255565,.0039443998,.0013890476,.00049194484,.00050505629,.00071709382,.00014772631,.000064769527,.000034340104,.000022669592
.17051677,.12288807,.080212153,.062604204,.040979229,.026672751,.017597599,.012935203,.0030355274,.0021249806,.0021811586,.0013015955,.00051872776,.00014097635,.000070456474,.000032545235,.000012730487,0,0,0
.39380783,.29104733,.16678748,.11468612,.075930633,.040515866,.02666492,.010144725,.0057275589,.0015195234,.0018883008,.0008976839,.00022568861,.0001241608,.000062449202,0,0,0,0,0
.65348005,.77410275,.93565625,.98295832,.87044168,.7240631,.53516066,.47055113,.33143127,.21375926,.14798264,.11429385,.080235623,.032446176,.027677227,.016778018,.0070482567,.0026101379,.00043865491,.00060253136
.23739648,.3123495,.39701772,.48051679,.64021224,.83652991,.90738165,.91791224,.68333101,.5050019,.37743789,.28087085,.25143501,.12195607,.095139682,.048608966,.015157901,.0089592682,.0032083085,.0023379582
.34721464,.4277001,.50198221,.58244669,.72045523,.83099413,.99035227,.80477214,.72230875,.65658748,.56138629,.37321347,.27064517,.16029733,.16143017,.12063566,.090574108,.025628706,.0071937433,.0062401551
.32227689,.43588182,.53348589,.74719352,.83500892,.92904747,.73527372,.64862692,.39259529,.34739199,.18449052,.1182755,.057430435,.054444134,.022254588,.0073271836,.0033715824,.0023026795,.00077822135,.000057696558
.29687843,.22115265,.17221238,.13363978,.1069546,.053809162,.054369241,.045790616,.02574282,.016979862,.011682591,.0054115872,.0044711074,.0018358083,.0010795498,.00055620784,.00013178316,.00033138809,.000084031584,.000043006472
.89845186,.83125448,.74870682,.632635,.58884567,.4971984,.44158822,.40035149,.28879893,.23407006,.15545648,.12747808,.10520571,.062962882,.037485909,.058326807,.028221997,.017486641,.011320393,.0041479464
.3046042,.22668134,.16714589,.12559833,.077836297,.05533668,.03694962,.025306547,.013181186,.008424161,.0041346392,.0019583863,.0013170684,.000695583,.0001756479,.00015823745,.000061892817,.000036642392,.000017301714,0
.11617252,.082839921,.055570733,.035137709,.02391576,.015231244,.010357869,.0060881618,.0036321867,.0016521097,.00096297491,.00050873321,.00021490072,.00016823837,.000030177511,.000026351678,.000018356148,0,0,0
.056978725,.041680638,.031053916,.025317058,.017185703,.012886448,.010664471,.0068875765,.0039571468,.0028674854,.0016979428,.00094858743,.00064958056,.00050168711,.00015930471,.00012891219,.00010027181,.000045910034,.000031889431,.000010537743
.043141522,.029755417,.019376658,.011446754,.0061015007,.0048770257,.0015767383,.00061879418,.00066252402,.00019725993,.0002064427,.000046846937,.000021454816,0,0,0,0,0,0,0
.15034431,.18603197,.22915377,.30696282,.32484949,.4483479,.46569291,.57624024,.75897467,.90956467,.95458144,.96132278,.80907702,.38304222,.49895355,.30652979,.29023698,.1733859,.052764297,.085623316
.30751193,.35653877,.40745169,.51378417,.54837316,.65685916,.72071356,.88910687,.86591107,.78781152,.73159325,.62778646,.44739202,.35757798,.36442432,.21695104,.19396809,.12371308,.030214181,.044245042
.82136124,.94337291,.96729797,.88796055,.68381685,.65317446,.50175869,.45967597,.3896662,.28435984,.24586172,.18061693,.13914554,.046296991,.055151016,.036353763,.025332572,.012233453,.014353165,.002643209
.46791664,.36344358,.3119368,.22949249,.18868892,.12271744,.073993757,.063871577,.046626151,.016872734,.014602469,.0046059568,.0057218266,.0050371331,.00077795942,.00018200903,.00022838985,.000085601678,.00010765766,0
.39695179,.49054578,.60109645,.71372932,.81842846,.97023922,.93402135,.72652417,.65188301,.36433372,.33482227,.33222693,.20998807,.16391955,.087220125,.05767259,.012817789,.013253892,.0077242753,.0018139184
.37804204,.49131557,.62498844,.77859038,.96669531,.87552178,.61840028,.40973583,.42348018,.17529589,.15128347,.10583284,.041490175,.026004244,.01406755,.0022502495,.0013939546,.00037399022,.000027675625,.000068506495
.60684162,.50230908,.37742081,.29185957,.21951029,.1721521,.11826987,.083037771,.045095216,.024942122,.016694384,.0098071788,.0036316048,.0019776677,.0026088962,.00073569466,.00032882663,.000045504577,.000048530801,.000031621414
.55597991,.62943292,.81800181,.8468771,.92086154,.77156818,.74224091,.68798,.51863778,.42161465,.31435898,.22568022,.22556961,.13982476,.085467845,.035289541,.026404986,.016598815,.0047906446,.0053944178
.99994701,.86342883,.75454748,.60603988,.49178261,.3665455,.29730588,.19327191,.13289456,.13761318,.061479446,.027498214,.035233662,.013824115,.0055030449,.0041635055,.0010422454,.001363168,.0004006096,.00031703795
.14849021,.1138138,.080347106,.050785415,.038738549,.022013163,.015096571,.010899659,.0040794541,.0030999114,.0025197982,.0011089309,.0002608826,.00015782111,.00012783747,.00010009429,.000036549267,0,0,0
.015496307,.0078353006,.0029932219,.0016443986,.00046014963,.00031729348,.000089372268,.000017968414,0,0,0,0,0,0,0,0,0,0,0,0
.97155505,.8836208,.77071255,.59355366,.52091289,.40006992,.30013284,.25553432,.11413043,.060417213,.066832878,.0452484,.025830993,.011659256,.0036848492,.0029879173,.0012006958,.00028946286,.0003484287,.00016039709
.25900263,.31463766,.39390364,.46060091,.61923736,.58875507,.79854268,.84156507,.97973651,.85241354,.69446641,.57670426,.49848628,.50291371,.29043177,.19555321,.16336375,.10314204,.046961322,.026092164
.94924563,.85252857,.75618255,.62348527,.54687357,.43380871,.36531296,.28670466,.19734636,.17377733,.13830301,.085767798,.055121146,.018065803,.026790462,.016083077,.013265281,.0050778012,.0019755266,.00059634779
.10534682,.14123429,.16132091,.23439083,.30272201,.40133384,.45783302,.57336712,.63720572,.87373483,.86316115,.86721671,.78922212,.37328237,.26884273,.20177726,.19418228,.11296255,.088991143,.031693865
.12734172,.16067395,.22204816,.28949833,.38696927,.43337032,.60929769,.75177073,.79209656,.97146255,.71498811,.58894759,.32865986,.44288576,.33624968,.19128776,.08398018,.055864621,.017869243,.0062780017
.016375093,.010173569,.0069848076,.0038705827,.0019464889,.0010486831,.0004163392,.00037939817,.00011524534,.00005965391,.000038485832,.000015259004,0,0,0,0,0,0,0,0
.21228357,.26031888,.35223925,.41134486,.56419116,.69277966,.91883463,.7582531,.75782794,.76670313,.75982982,.55519587,.26998523,.24017499,.18375106,.12616926,.072343148,.067767389,.0083567444,.023495806
.39424762,.27749616,.16875497,.13388634,.057351097,.058826994,.022705372,.013356294,.013053141,.0064866645,.0013596448,.00092603266,.00015704767,.000068604772,.000015179005,0,.000010309199,0,0,0
.26467526,.20157047,.15769535,.11707547,.089213438,.051525053,.037940823,.018819381,.015745271,.0084775807,.0056956909,.0040628193,.001324062,.0012860724,.000995785,.00024331523,.0001197895,.000077437777,.000035942547,.000012158319
.029502938,.016950302,.010400335,.0092211328,.0045264093,.0034132849,.0020604024,.00069297379,.00018309944,.00017348297,.00014955422,.000062336265,.000046602985,.000013930812,0,0,0,0,0,0
.61998051,.70022011,.77131718,.98261315,.91121328,.95772135,.7488867,.6192264,.49551463,.37888595,.30464274,.24827243,.18223009,.054681823,.063268185,.081711926,.049914811,.020783331,.024704868,.00073037483
.60953581,.4647364,.37282062,.28298166,.176028,.09019687,.093795858,.062020004,.03202267,.010183187,.0090052029,.0036628745,.0027699338,.00064520939,.00022592553,.000057585741,.000044281252,0,0,0
.84020203,.97895163,.84453899,.6244207,.54341602,.39795586,.31737959,.21779005,.09662734,.065300845,.02767453,.022241676,.012073954,.010659078,.001548539,.0004744739,.00024909576,.000072614974,.000082157574,0
.084024817,.062023122,.047313575,.039414998,.031109691,.018094419,.015107909,.012978208,.006961741,.004357208,.0020875884,.0015868511,.0011463901,.0004610304,.00053636968,.00023347742,.00017731542,.000087071894,.000049083246,.000042145817
.012926463,.0074843578,.0046360856,.0020953803,.0010457139,.00063374604,.00021075911,.000074140342,.000092245486,.000038284117,.000013687017,0,0,0,0,0,0,0,0,0
.98860914,.87755173,.75018084,.67127037,.61655909,.57407022,.47370321,.35832971,.25620374,.21656521,.19550653,.17310506,.083888561,.066016719,.035136983,.02150641,.027395433,.012109269,.010515111,.0071140062
.96390676,.82734817,.6940195,.59604597,.38892859,.34923539,.28398192,.19310492,.12057101,.085493311,.025336294,.029529583,.017949585,.014333838,.0046151639,.0016383401,.00048827255,.00051369361,.0001413607,.000049905397
.2823835,.22387084,.14877194,.088965617,.086902611,.051638689,.033792518,.022572875,.013739169,.0067471825,.0067592529,.0023906527,.0014137537,.00073788251,.00036012236,.00019561149,.000060008228,.000032270556,.000026943972,0
.81392825,.6602121,.56782448,.45662263,.34247074,.21966431,.14439908,.10015353,.086084664,.01315141,.016985375,.0053979852,.0032538814,.00131161,.0010889133,.00017811194,.00022982087,.000052665469,0,.000016720651
.33449557,.26687798,.15524468,.11059798,.086167522,.04954638,.029463498,.01183896,.0098037478,.0029259052,.0019225907,.00096041145,.00046177628,.00021725011,.000075521071,.000018277478,0,0,0,0
.015564004,.0086069228,.0040711169,.0017027053,.00084876007,.00046476859,.00015516627,.000064625863,.000019684394,0,0,0,0,0,0,0,0,0,0,0
.57898158,.69761723,.80696839,.94048417,.9459247,.86197042,.70611799,.53967762,.46006954,.35233113,.2209377,.18858078,.1045488,.049366456,.042741083,.027320094,.012734549,.010109221,.0078548584,.0025951408
.322348,.42747015,.56903476,.73015088,.92193347,.87934321,.79308659,.54597187,.44325167,.30279502,.17401746,.10473228,.057367045,.022905152,.019470451,.0039935005,.0026172297,.0011623481,.00027603493,.00043056265
.22661391,.29635826,.3440046,.42618534,.49114704,.55956817,.76432431,.89496469,.97390425,.90218741,.66991425,.69143116,.55214238,.35778853,.21321985,.16939972,.1644773,.078890897,.035415966,.024042031
.39038005,.29814866,.21461596,.16347449,.11379968,.10445311,.056683715,.038868342,.021535948,.012152425,.0077136275,.0047933697,.001319266,.0017736288,.00050192152,.00018580371,.000055135715,.000064080603,.000015500867,0
.10900336,.07726606,.047458462,.031521596,.026680794,.01595312,.0090563232,.0053878105,.0036056882,.0019912254,.0014308527,.00038844295,.00033303144,.00017004265,.000074756506,.000027842167,.000013568158,0,0,0
.32091069,.38746759,.45678797,.57604575,.64150929,.82088363,.90774482,.91315567,.79998696,.68088073,.51985377,.53106242,.3047314,.1871978,.15254425,.16959435,.081643857,.068167292,.026533458,.026624287
.29709312,.21452449,.16092786,.11176208,.085404538,.049080409,.026943341,.017496375,.012409912,.0071679382,.0028944365,.0017226962,.00081058795,.00051235611,.00017049677,.000062526437,.000027599328,.0000117286,0,0
.59268677,.69855624,.88499999,.99386841,.92238128,.76228076,.54655278,.4461318,.4117358,.25777107,.14917171,.1085111,.099403962,.065711983,.01311608,.023370186,.0059374627,.0074946014,.0017013315,.00070502341
.83798331,.68984032,.56066155,.45392945,.35111025,.21951607,.19954607,.13328229,.056809675,.063353717,.024965715,.015857382,.0065721329,.0038044136,.0010745849,.0011197043,.00063101249,.00021343681,.000045216129,.000026326996
.81864613,.96673447,.83193851,.72193801,.54229075,.47728139,.29542881,.15398219,.13830279,.080303155,.063275956,.013959184,.022634881,.0052935979,.0045214347,.00064814527,.00072648231,.00012319529,.000094750554,.000036167119
.492515,.43498623,.33668843,.27912429,.22685491,.19317189,.13724248,.10389242,.087608971,.04968787,.032477878,.020415092,.015610787,.012342345,.008166559,.0037388476,.0028871389,.002063724,.00065763458,.00041483028
.36126229,.44776154,.53007299,.63829941,.71194214,.88402838,.97501516,.90992516,.82123899,.70360488,.51378107,.41128463,.29337588,.17554149,.082598783,.06234479,.052189384,.017127648,.01402247,.016244598
.39095187,.51271212,.59881985,.7388106,.92854291,.95212919,.71027136,.60244799,.56645679,.45579398,.41058686,.26106322,.085716695,.08087416,.019730011,.025071535,.021261547,.0071358546,.005095019,.0012980358
.65433931,.75190651,.85988462,.97389716,.91762137,.73681444,.67898953,.48134202,.42876512,.38444564,.31285366,.20011069,.15594816,.069409572,.064047977,.043962676,.034895986,.021037919,.0067404439,.007994853
.74111712,.84904021,.95430237,.91531277,.78552562,.64597249,.4884364,.38220432,.33884078,.21999732,.15964067,.10402256,.10866373,.034773119,.038223602,.023987366,.021955501,.0056191934,.0019435674,.00050903478
.83648086,.69789243,.58726251,.4571448,.31384799,.21411189,.17937696,.12671113,.091157123,.058259264,.035988409,.012053017,.0093057817,.0031457162,.0018875655,.00055910379,.00058982777,.00030855439,.00014490609,.000045351928
.94691771,.84033686,.64564347,.57343733,.43173635,.30871519,.27912247,.19710849,.12421169,.094592832,.066335872,.030745924,.019133981,.017182335,.0085499799,.0029569776,.0018573444,.00043230594,.00056652375,.000042213996
.46196553,.37026691,.29865915,.2533485,.17346974,.1541501,.098120905,.075134851,.051371068,.04715912,.024684353,.017319644,.010618231,.004593065,.0057751625,.0025036887,.0013110688,.00036704529,.00044592426,.00020926632
.88189477,.75096118,.63007128,.49740711,.44216916,.3138065,.20246387,.17560841,.10511982,.077371351,.034799129,.017112231,.0099487295,.0089284135,.0045736204,.00066359236,.0018514326,.00023059388,.000063421503,.000011542057
.39142495,.46997812,.54346901,.74559718,.80214363,.91335315,.99613595,.78405452,.69000632,.53774559,.49187744,.42350495,.253313,.17031512,.12039148,.080078565,.04590499,.027349083,.015161162,.0042693908
.63286352,.75263488,.87377268,.96900779,.74586391,.58831441,.5500139,.39003456,.31881192,.21272026,.11008386,.071976036,.059038281,.018850142,.011784014,.0095582502,.0024813602,.000717811,.00025873695,.000091513713
.65655839,.53804308,.44769913,.35336465,.2979342,.2322119,.16414174,.086524867,.068591952,.034747437,.020392559,.011755308,.010960585,.0051357453,.0019902724,.001201565,.00081099768,.00043905398,.0001235856,.000062038722
.46983737,.37936699,.31203714,.22225037,.13386218,.1075208,.059869926,.039663136,.035211544,.012738679,.0085108094,.0042873463,.0033460371,.00097826216,.0006743861,.00065371487,.00015561692,.00013962817,.000023797664,0
.89131653,.93278134,.84965235,.65652174,.59344363,.52197844,.23847528,.21846776,.17419434,.088852353,.061913706,.043351665,.035790995,.0096937567,.0055549918,.0012409053,.0014312097,.00012070149,.0002296618,.00016306103
.6628024,.51547438,.40563738,.30786216,.22035898,.14340302,.096505128,.057894431,.045790914,.031649686,.010338979,.0068408432,.003426037,.001836955,.00086394424,.00035608999,.00011338708,.000034299948,.000011198422,0
.3123866,.23844349,.19600724,.156583,.094076931,.061112273,.048845075,.023994068,.017659187,.012783018,.0041736714,.002173071,.0020252336,.00088001793,.00045631078,.00032208985,.000053413874,.000030680076,.000028459041,.000021231152
.13788176,.18715894,.25982815,.291309,.33688146,.50432605,.62796491,.83214718,.79683733,.98617077,.75620282,.77384996,.43156952,.48891714,.34015104,.12292727,.074371703,.047833368,.040308777,.060754385
.90113699,.73856658,.65524745,.5393523,.38838792,.33559144,.20150097,.16121307,.080823734,.053454578,.041092131,.027529771,.01306933,.0059288992,.0018414743,.0010214148,.0003969316,.00018564236,.000053604108,.000042730568
.41441262,.49153706,.6155147,.73934448,.79831946,.99529785,.90543646,.68084699,.66177481,.43594939,.26026088,.2613427,.083978049,.089065991,.03107821,.056100819,.013927627,.0097631793,.0090759322,.00066761672
.83043069,.66268885,.53313643,.40793121,.3047637,.19596264,.15662345,.088388912,.040433306,.025985086,.0079899505,.0094158696,.0026015006,.0019994189,.00077097066,.0002661215,.000057523412,.000025441886,.000010505866,0
.50195879,.45329529,.39048263,.31420532,.27667713,.2296474,.193969,.15686707,.11867648,.11918777,.07878951,.045725901,.045152418,.02179376,.018037342,.010108542,.013073706,.0064823902,.0041249762,.0023321931
.25828695,.19456725,.15183541,.11370695,.079179101,.057890214,.030933484,.014669071,.014161517,.011232678,.0064266166,.0034262363,.0010057532,.00036336179,.00044993253,.000070552007,.000092613875,.000014564706,.000028144705,0
.096728899,.073088661,.056789301,.040143553,.028826656,.021742625,.0136533,.008982541,.0056432071,.0043694284,.0023545232,.0014252246,.00080451643,.00082714623,.00038307204,.00025228303,.00011313348,.000055156826,.000033963646,.000012926135
.078227319,.057347819,.043658491,.030740049,.019968035,.014481513,.007384243,.0068512079,.0038933016,.0014437318,.0014226486,.00090239866,.00053422194,.00019476395,.00011600699,.00010710848,.000042107771,.000027313215,0,0
.10769643,.078934103,.050468955,.036952958,.020337578,.015302437,.0092895906,.0046025477,.0025175882,.0017062884,.00058500073,.00021420687,.00017317223,.000031462809,0,0,0,0,0,0
.79490423,.88721746,.98323631,.89150798,.85372442,.74367583,.66734445,.44108126,.44301727,.34441382,.31717142,.21065983,.1804294,.13345598,.073992148,.069240965,.024722541,.01162686,.017611019,.010211588
.326998,.42616019,.52108485,.71124518,.86830056,.93917763,.77121675,.55529481,.43830591,.26021987,.19663261,.099270456,.05486431,.041531365,.0077192881,.0044886563,.0019820454,.00064891257,.00050576712,.000067057561
.59065163,.74536383,.92850006,.85009021,.78959167,.60143054,.40055561,.18229678,.11810961,.086802945,.061314799,.038288966,.0060746181,.002123548,.0014402295,.0005331189,.00022313675,.000022881171,.000030293917,.000011306699
.12605253,.16914512,.30336526,.34354961,.35392901,.66876513,.68427289,.78744245,.87430114,.87568063,.7824946,.59025586,.36018041,.2837809,.19228321,.15459511,.05635104,.013473769,.0058765155,.017170008
.1172331,.08409863,.058968917,.043542895,.027205892,.022225305,.014066965,.0070907893,.0049497234,.0031773034,.001899318,.0017864542,.00050086807,.00024828405,.00011600938,.000073557079,.000045752156,.0000116136,0,0
.99520534,.89528394,.71339941,.62348086,.47735918,.39755979,.3678678,.2135679,.15678079,.10732479,.066074334,.079836279,.029165445,.017272059,.010566684,.0041240868,.003271756,.0014573566,.00067383144,.00047752066
.32638082,.40344048,.51056874,.65371913,.83750659,.89344299,.90486163,.64935696,.79563785,.54188979,.42048249,.3019053,.13028578,.14382192,.079148687,.040654585,.020776335,.018591641,.0025505659,.0047991876
.92732453,.90577435,.72486895,.57988441,.40414789,.35520646,.18062855,.15325712,.05469615,.040286571,.015156605,.017478066,.0085276188,.002451618,.0019153785,.00047054805,.00011722707,.000077408877,.000017782722,0
.35547453,.31196162,.26214242,.23053871,.20623359,.15158391,.13523155,.11492562,.083516248,.075473174,.055989373,.043934107,.030497499,.026733493,.018699469,.016842801,.010527967,.0078378143,.0044810842,.0034616997
.79470819,.89274669,.9851985,.8716594,.7822209,.61394846,.54224652,.51906264,.37491825,.24265513,.22530124,.13559619,.10204783,.051000819,.052972615,.024450125,.020467825,.010267352,.005658905,.0064195637
.05709213,.039995223,.025611311,.017713657,.010240943,.0049373945,.0031663168,.0020901912,.001162834,.00058769796,.00043888763,.00014186735,.000082863859,.000032355234,.000013797917,0,0,0,0,0
.80350918,.9261629,.93816906,.8124308,.67738348,.55732101,.44977736,.36070403,.23931248,.17225733,.13147672,.082294747,.047263775,.038961705,.020029545,.018065995,.011387266,.0042089717,.0023865551,.0012828016
.2724005,.3290582,.43142748,.50584751,.57290262,.67428756,.81398213,.9598732,.94301176,.8714242,.67274237,.54024166,.39318717,.30400416,.23105979,.12428614,.16252297,.1111192,.0611577,.037628617
.087803103,.062865466,.046462514,.029127317,.022957394,.018543338,.010563075,.0058155661,.0046724258,.0021605573,.00099523982,.00038310688,.00058122061,.00021401257,.00010428933,.000095742478,.000012234612,0,0,0
.59472471,.68189913,.80595237,.98812938,.88578647,.69393307,.54260713,.55643857,.40642983,.25204456,.19202265,.12928341,.10177788,.071208388,.036856901,.011859581,.017646169,.0017938035,.0015462025,.0010167781
.63353252,.50984663,.3899183,.28600609,.213845,.15761085,.11718024,.059078991,.031383984,.014567773,.01736756,.0027192999,.0019897877,.0012982468,.00040737618,.00037073263,.00015477905,.00011284192,.000030462501,.000012251658
.23456673,.20096312,.16596802,.14503171,.12170208,.090983443,.083576724,.061138611,.048566911,.039396785,.033025533,.023109755,.015998449,.01210633,.010124138,.0064059473,.0036999022,.0030916366,.0020532568,.0013298329
.45954353,.36175039,.31730044,.26076165,.19991621,.13432188,.12815198,.084149539,.061711878,.03229925,.028767079,.019526027,.01135789,.0048252442,.0045099598,.0016871946,.001786316,.00049311272,.00028539615,.00010388547
.27554247,.38937482,.47861049,.67713928,.89527142,.97865194,.72794545,.56404865,.42915359,.19415189,.21900932,.11406291,.046185263,.020824084,.005315884,.0074137789,.001322745,.00018320138,.00013138376,.000057193218
.47884744,.53330594,.59553194,.68543905,.72240573,.83247358,.94086885,.9585312,.8747977,.81437558,.70304394,.55861753,.47167736,.45662105,.38558429,.28062907,.26432928,.2347855,.11041694,.043100867
.679389,.52423143,.38140845,.24699549,.20747335,.093616813,.065619603,.042630974,.024452774,.013358972,.0023964688,.0022657318,.00073645759,.00037747502,.00019859771,.000064040025,0,0,0,0
.83775389,.7135793,.57055914,.44380084,.36293194,.2389117,.17895772,.11955604,.084721446,.042160682,.026598014,.016931029,.0056565679,.0034924564,.0016556396,.0011886575,.00022828212,.00021273576,.00011653312,.000032402804
.0050922222,.0027944786,.0012278839,.00077116233,.00031033944,.00013358395,.000057029123,.000028604185,.000012024922,0,0,0,0,0,0,0,0,0,0,0
.34265104,.40487406,.48079154,.59134895,.71653098,.69085503,.90436161,.99355948,.82090068,.79649317,.57464099,.58731335,.46570215,.44498691,.25739798,.15537553,.10991389,.029677374,.023113895,.030468455
.11697408,.084405474,.05759646,.045060012,.03296363,.020422837,.012233687,.0067512011,.0042749713,.0030540295,.001728934,.00072384882,.00059893937,.00035031288,.00010338746,.000091075046,.000029449446,.000017712693,0,0
.38749695,.48242402,.52144611,.72889799,.76985735,.92758149,.92310417,.79555053,.6221506,.57547259,.46230245,.3839058,.13387224,.14099674,.061396383,.053085003,.014679328,.023537291,.0095573533,.0036997017
.13044517,.10472123,.087817602,.069696389,.063434593,.053193077,.041754417,.028860051,.018323923,.014848197,.0073253824,.009724617,.0044766525,.004874385,.0025232169,.0015753577,.0015785412,.00056069344,.000733055,.0004330287
.17049895,.22426546,.31603831,.3300696,.41846061,.48912236,.64170074,.75672758,.85908359,.89443374,.73067164,.55670965,.46175021,.45125851,.20224272,.2665213,.17094155,.075963005,.084199987,.041950278
.22808535,.17330414,.13491085,.090356342,.072372608,.044213515,.028678648,.014724607,.015256123,.0055724364,.0055566314,.0022632119,.00080951414,.00092805852,.00033481047,.00018241873,.000032711287,.000045194953,0,0
.97986376,.94884992,.78398883,.7242142,.61301517,.49955255,.39205921,.37604862,.30129564,.21292625,.12811153,.096152954,.065584995,.077258952,.032107022,.017178787,.013012126,.0046203034,.003443179,.0026221052
.88793933,.97078097,.83436257,.69764912,.53501374,.4854728,.33343917,.28725573,.19248852,.10995103,.071301147,.080544002,.020921791,.026349746,.0085846148,.0040187151,.0030628371,.001539401,.00045010744,.000062286475
.89880222,.74476045,.59470749,.48589763,.3692219,.27168787,.17882833,.13075942,.058883782,.048139706,.033320304,.012887782,.011072696,.00086239795,.0012975358,.0010525803,.00075221539,.00014696686,.00008502206,.000022675409
.091049336,.062049307,.034974653,.020115836,.013338611,.0047687553,.0030966143,.0011677881,.00065345084,.00031112696,.000089375622,.000040202307,.000026223441,0,0,0,0,0,0,0
.28869689,.19022545,.1468022,.089727566,.055366144,.033530556,.02300152,.010079115,.0047453805,.0032402475,.00078917138,.00086240092,.00014743283,.000085672487,.000030501753,0,0,0,0,0
.4283568,.48995641,.57825094,.69164354,.72985536,.9311313,.96705431,.92025965,.84133619,.67388326,.65513742,.39961317,.3412416,.25530934,.16175036,.19970748,.10630971,.077233605,.028828157,.018549755
.68686402,.78179181,.91028875,.95025331,.77546823,.71564513,.61400396,.44622669,.35325876,.27662456,.27385023,.17098904,.07823953,.081423596,.033476871,.023544146,.017011641,.019283602,.0041950159,.0011152512
.30796832,.2385103,.13356297,.13011993,.089914493,.041814785,.035190552,.019625334,.010454724,.0058744298,.0054347515,.0027045724,.00031437125,.00062736758,.00017495532,.000046191715,.00003307208,.000010359107,0,0
.0021033192,.0031330378,.0041801059,.010533272,.0062990952,.014640089,.012608632,.027082834,.029132403,.049458034,.08134412,.14475638,.11881977,.18205178,.23485722,.49034986,.51272511,.88843691,.83698493,.88000208
.50478703,.69561672,.78927159,.90278983,.70959091,.54270452,.41952243,.20345862,.17598735,.084879041,.044065636,.034485254,.011351141,.0049226414,.0013554529,.00053118513,.0002650051,.000046265035,.000012302765,0
.36782908,.28837585,.22351742,.1647058,.10494141,.089776807,.052142266,.042964172,.025830299,.012933705,.0089748017,.0026538726,.0022479456,.00076512242,.00086224522,.00020184678,.000075917858,.0000365163,.000024121806,0
.60522312,.47619757,.34389785,.2567763,.13769004,.078890711,.032945044,.024085797,.021890674,.0099927103,.0051215901,.0023454255,.0010712571,.0005891638,.00020879087,.000083623636,0,0,0,0
.078350596,.052479874,.042533491,.027283709,.016350066,.016199294,.0078785382,.0046199956,.0022670464,.0023904631,.0011897841,.00062720943,.00033743656,.00019876104,.000061349179,.000067566289,.000023042501,.000015772766,0,0
.76176524,.93405497,.92375928,.76439857,.5552628,.39707252,.31740311,.22192028,.14733882,.071201809,.029969897,.032582022,.021664344,.0024976623,.00090890285,.00032414831,.00043982861,.000049674465,.000073087802,.000027307025
.097614333,.071742617,.044516828,.026685277,.017175034,.011273446,.0053816969,.0026423163,.0020919547,.0010240161,.00034939285,.00020825429,.0001523908,.000018891638,.000015055944,0,0,0,0,0
.85390937,.98375309,.81919938,.67137164,.53122336,.38168126,.27412322,.17124514,.12748273,.065975457,.033153828,.024002304,.021495471,.0039968663,.0021721721,.00076968578,.00030205393,.00013211297,.000052271127,.0000383978
.39872694,.32419285,.2599366,.20319626,.15253957,.11316968,.093032561,.065726884,.032204483,.027539181,.018363029,.01134918,.006146023,.0039153178,.0029162001,.0020795257,.00076545909,.00073532591,.00024009489,.000066366163
.84913504,.96636629,.91875428,.77210194,.67032486,.50973403,.399573,.30879301,.21529007,.20530842,.1285578,.10327466,.057980429,.031185253,.013690243,.011040581,.0082551558,.0024948954,.0021532481,.00068409723
.98316503,.84160638,.74287313,.64174813,.52889824,.42167339,.30738574,.23831424,.19023988,.14451048,.080961168,.058180809,.035524502,.032154579,.012956921,.0086847134,.0041826912,.003268573,.00091071584,.00084172055
.62354571,.760346,.89057261,.94306147,.84265387,.71163684,.54525274,.45661882,.36624563,.28546211,.13550244,.13885154,.078460954,.058663737,.010765907,.017762134,.014034547,.011336174,.001045207,.00092089642
.89065719,.7130757,.57393867,.45395812,.29360706,.29373038,.13860177,.084490672,.041922092,.031433225,.016972277,.0066887327,.0042904932,.0015782866,.0010104317,.00054973748,.000079425467,.000033774195,0,0
.63983297,.53370976,.44713408,.27854291,.24076723,.18592495,.13436879,.07982289,.046687651,.041584149,.019429829,.014685382,.0092407204,.0036943748,.0011276117,.00061634852,.00044115217,.00021118653,.000023868535,.000022327611
.90791202,.7898044,.66412115,.55130953,.37861094,.3238878,.23504108,.1399232,.12892413,.073643588,.056299679,.031074654,.025383273,.0086387452,.0042082849,.0038509413,.0015232386,.0008503201,.00037079179,.00011257931
.78462404,.91851348,.98785633,.81239474,.67847466,.59293878,.50600618,.45526344,.32462195,.30472648,.19578196,.1127544,.081950955,.052387271,.057478838,.0074820854,.0079511888,.0068975557,.0024654684,.001285514
.054721989,.043158516,.032189336,.021052923,.017280871,.011990984,.010086142,.0045982492,.0040066247,.0036780396,.0025143486,.0012193798,.0013696088,.00059092761,.00023406839,.0001776475,.00012312243,.000048453148,.000049180759,.000025025447
.30441532,.41130847,.54120469,.58926022,.79996365,.90370452,.95688045,.55648398,.61853981,.54761207,.39726302,.14476825,.08889097,.14959034,.083642006,.040356409,.018484423,.0099550104,.0034144614,.0053117792
.51933169,.65893513,.8295936,.94969857,.73536414,.68877476,.51750195,.41124263,.26386726,.17349258,.10103423,.058633454,.012670766,.0048348797,.0041123675,.0025603066,.00049304083,.00047702622,.00027630746,.000055967394
.36318117,.26815063,.22608492,.13830225,.11145943,.071388349,.053135693,.027902758,.02112757,.010237972,.0063502467,.0027588101,.0017592967,.0011270068,.00047526797,.00034864072,.00010704545,.00002801289,.000013349936,0
.71809441,.82784003,.90562171,.94692701,.81357712,.77554977,.60738117,.51134771,.42641664,.29786453,.23833092,.19479568,.17498367,.078946143,.059644125,.058289517,.03640401,.016255261,.01236045,.0070936121
.82150489,.73937637,.64132345,.52160275,.44480222,.37132463,.29330933,.22553639,.15777571,.1423946,.085836686,.050258923,.061430573,.031980053,.018680159,.013703544,.0074256295,.0033748494,.0034279597,.0020504382
.09620595,.14732318,.2057832,.29886529,.38296476,.57031918,.75413734,.97142923,.86016756,.59227633,.46689737,.29785499,.21836907,.14740792,.07614515,.031031448,.010279411,.0081034759,.0018805622,.0010584895
.56516892,.47218806,.36678547,.28652236,.19629091,.17881425,.11204471,.069556542,.059767719,.032495853,.014912346,.0094312532,.0056266631,.0035669464,.001683778,.0010312372,.0003359335,.00019282351,.000077466582,.000032812408
.71448225,.55260813,.46254066,.37169477,.24542196,.20708613,.13714658,.083355866,.049456298,.025237819,.014717472,.0075707878,.0057961093,.0014549763,.00041621301,.00081341766,.00013440035,.000033122538,0,0
.63846248,.53555948,.45417425,.35588026,.27124026,.22205338,.17011455,.1114182,.093845516,.070128687,.045564212,.026854968,.016822295,.011830426,.0047788247,.0042337114,.0020723513,.00091017172,.00055208895,.00015788196
.15714109,.21539645,.23805726,.29201227,.40183252,.46098012,.52284449,.66699117,.77307934,.96239847,.85460365,.9180516,.6738649,.54480588,.43456107,.29169747,.29147357,.17578194,.11944544,.11357827
.3374275,.24136873,.18965895,.13775371,.088015616,.046914477,.037697587,.01868719,.012202032,.0051207556,.0030824863,.00096829416,.00045145655,.00019188426,.00006652061,.000064282191,.000027230428,.000011295872,0,0
.81508625,.93552053,.91014564,.77957541,.59224731,.47453582,.3869687,.28345174,.20439227,.12209106,.079749495,.045470506,.034929316,.015882179,.010013266,.0015682102,.0037546118,.001331437,.00065736694,.00038539965
.0047475928,.0026885937,.0014911931,.00072943058,.00034318172,.00018277555,.00011127169,.000035340636,.000014664471,0,0,0,0,0,0,0,0,0,0,0
.47171578,.3652876,.30391371,.2121149,.16915628,.10299148,.087433256,.062553145,.03349904,.014719415,.016471203,.0067783492,.0040491475,.0016341121,.001294415,.00044370879,.00031576189,.000062205174,.000068703375,.000029353774
.34983614,.27255479,.20697998,.15645303,.11259357,.074477687,.047571097,.0266289,.026782529,.018919226,.010150918,.0047857985,.0025787475,.0022635297,.00039864422,.00032085247,.00010219056,.000049089551,.000015673795,0
.078996986,.099649556,.12831214,.15396322,.1941556,.29274791,.30092478,.47286853,.52285331,.6188848,.81511533,.89475614,.94504309,.96029156,.86803198,.64772946,.62883383,.39601278,.18060042,.12565634
.85410392,.67556036,.56063408,.36622036,.31007767,.15575396,.11947925,.080298245,.045681916,.015005765,.0072132316,.0061335182,.0026168735,.00053672522,.00040668077,.00013401048,.000081086342,.000029069863,0,0
.28381446,.21213701,.1635,.085696235,.071237162,.050024118,.03514969,.018715687,.012361909,.0041258777,.0034009127,.0012948742,.00057608547,.00081681978,.000096953467,.000061851919,.000021194113,.000022515498,0,0
.24754274,.16951492,.13016148,.082020201,.057308432,.032854028,.023183458,.010665575,.0072317473,.0044394173,.00090285396,.00079172227,.00027380721,.000070944378,.00010423548,.000015969297,0,0,0,0
.32138872,.23021261,.14030433,.14613949,.10975753,.047676664,.044777118,.028553689,.01561277,.012078988,.010782249,.0025886958,.0019873863,.00082129607,.00033213221,.00028250003,.000086333253,.000056066914,.000035356104,0
.71096402,.84096706,.99996912,.83279765,.8301118,.57771546,.4727605,.40123886,.26901925,.28840789,.1853642,.093159549,.035652671,.056849036,.02073678,.015813664,.0045069163,.0018677578,.0025880442,.00095748703
.67805529,.76970851,.84810698,.94169307,.967022,.91309267,.77415478,.67211378,.58019149,.5084157,.36910492,.31193587,.26689872,.19260387,.19181968,.13746043,.10315356,.064741828,.042499758,.021888644
.48139569,.39894822,.27303353,.21774477,.1474032,.10151535,.080799043,.047942635,.029278869,.017847929,.0087838629,.0046341587,.0022478083,.0015581856,.00057992421,.00054855563,.00011467836,.000047016783,.000039785122,.000014373314
.96980268,.92421436,.82333213,.72002637,.59878629,.52288705,.45304337,.37934569,.21284492,.15011205,.11679017,.10281032,.087927051,.064150512,.040955141,.01781182,.0093191843,.010136231,.0021518236,.0020846501
.019676227,.011714086,.0068399473,.0036268316,.0016903148,.0009536923,.00041642485,.0001489994,.00012157418,.000041223713,.00001180353,0,0,0,0,0,0,0,0,0
.57742506,.70665616,.80016786,.94526309,.88602918,.74115831,.7084533,.4621006,.29938278,.27343372,.14488755,.17278185,.038271878,.06966757,.024948286,.021829305,.016396966,.0065754238,.0019321187,.0018819579
.33843845,.27923888,.19606681,.17076299,.10691054,.087309927,.057897136,.044711359,.023892077,.013511025,.0081185214,.0049772859,.0022288193,.0019127134,.00087517465,.00055376242,.00022777941,.00013452661,.00010019659,.000066330074
.14347194,.10066837,.073214494,.046572581,.030371584,.016592637,.015837373,.0069445753,.0032314579,.00098498224,.00051312614,.0008927373,.00021084085,.00010257989,.000016423664,.000011791691,0,0,0,0
.52299201,.44944164,.39030027,.30155665,.26391232,.21699041,.17486227,.13812704,.10005073,.080175035,.058993913,.025210695,.028313603,.01904499,.01548756,.0060296492,.0057827416,.0033508379,.0025000428,.0010303515
.084613115,.047566149,.030296329,.015952952,.011750116,.0068080062,.0030437962,.0024827071,.00087420322,.00030434129,.00013931654,.000039233983,.000022927739,0,0,0,0,0,0,0
.21087407,.27823579,.35723123,.47671652,.56613338,.69763374,.88345104,.99490356,.69941467,.61830574,.52088535,.47485304,.27237713,.19437206,.11388323,.091081955,.038555369,.026953246,.012314624,.0057959044
.60407615,.48496616,.33685869,.23375274,.1855538,.12504467,.091543071,.043723889,.030551195,.016961604,.0049943919,.00087710889,.0022612275,.0011676879,.00048864039,.000063036954,.000094536845,.000027741096,0,0
.11597744,.094209239,.072864719,.060444351,.040488567,.03587715,.024639307,.01480458,.012361027,.0077989134,.0055546151,.0023299372,.0044200085,.001475649,.0013030843,.00056988315,.00033526507,.00030350496,.00023585814,.000017935208
.041857585,.026702261,.01662676,.010707203,.0073025203,.0032431597,.0021007084,.0013483803,.00082194991,.00035968301,.00020782622,.00007986086,.000031931362,.000016371539,.000010177911,0,0,0,0,0
.25501657,.19496173,.13194786,.10040944,.070501186,.043677092,.028370047,.019748669,.0138025,.0063180318,.0038316164,.001348049,.0011357912,.00048917677,.00010965926,.00015045427,.000019677504,.000013736434,.000013471754,0
.13569118,.09540379,.062185634,.042290144,.023403596,.010246517,.011990766,.0041563003,.0027644874,.00098924583,.0008320121,.00017484376,.00011057444,.000077862649,.000037544167,.000013967066,0,0,0,0
.057256509,.044025615,.037262607,.029974155,.021953389,.01925724,.01378142,.011743606,.0070344484,.0053086756,.0036835049,.0029464772,.0017713036,.001251433,.00083424512,.00046866926,.00032747159,.00014939626,.00012524393,.00007999716
.38476557,.29887486,.21512631,.13254306,.10856781,.061038896,.04847651,.025062321,.014418341,.0083630001,.0037624848,.0014355398,.00079327676,.00030545203,.0002818646,.00019106927,.00005678165,.000017884462,0,0
.78160667,.66217291,.47975948,.38673574,.24819788,.18271686,.10365817,.071572967,.048006773,.0218767,.0076698842,.0078987684,.0070193899,.0021371916,.00064664002,.0004173448,.000088526911,.000061195751,.000025036677,0
.59144068,.53586245,.46903834,.40820163,.36676031,.32118469,.24543425,.19190572,.1793493,.12583831,.1229741,.084665239,.081143878,.063716471,.049486507,.036491539,.020878522,.015409469,.012295085,.0059998627
.46936893,.37144151,.26276964,.17907098,.11823259,.06943924,.053905733,.030479833,.014560668,.0094378321,.0036667127,.0011141731,.00094127719,.00018798301,.00012030746,.000078005622,0,0,0,0
.0841804,.050732475,.023827948,.012560291,.004081517,.0028152638,.0013669424,.00037971005,.0001663039,.00012285664,.000011356819,0,0,0,0,0,0,0,0,0
.6946401,.58943439,.53513902,.43762952,.36585554,.3407234,.23781024,.18658936,.1171442,.10928037,.071422525,.050916169,.031609721,.020981524,.016317289,.0096560568,.0071166949,.0026158637,.0019924243,.0019336786
.91646779,.93225616,.77352077,.66617417,.57139301,.38229427,.27459806,.14918345,.15901339,.081109256,.074768946,.049433354,.01826109,.015160142,.0030569588,.0026451163,.0007961173,.0019604696,.00010936398,.0000879367
.84103358,.7369678,.61379111,.50658584,.47732264,.40103123,.30770168,.25417003,.18445036,.12913971,.10934183,.070258886,.042314399,.033590477,.021011565,.014446293,.0074401046,.0055680838,.0030457294,.00088796002
.063106276,.042836741,.025733227,.019986033,.0099175051,.0058802278,.0042893565,.0018187363,.0011461653,.00043361768,.00018501896,.000096330223,.000056633082,.000013310374,.000010824948,0,0,0,0,0
.12688088,.16448207,.2404083,.31671247,.40144002,.52300322,.65443182,.77532411,.95674062,.92343587,.70193481,.64380097,.37404716,.31958416,.24619463,.16194303,.099277459,.052271165,.028898094,.01036319
.0054818783,.0033567005,.0021046232,.0013628243,.00094586093,.00050623191,.00033401666,.00016501627,.000085066546,.000043444914,.000029673887,.000014289659,0,0,0,0,0,0,0,0
.85952908,.77160823,.67119312,.5604533,.49369043,.39178774,.30353391,.21201244,.16578777,.12351841,.067001134,.04787695,.037980564,.0203097,.013801039,.013120535,.0034547041,.0016454371,.0022449626,.00088313216
.11904047,.079318099,.046433166,.031145303,.013061902,.012223385,.0030235788,.0014323635,.00039550563,.00039676315,.000096739801,.000026199015,.000015014006,.000021012134,0,0,0,0,0,0
.86858553,.99500793,.83721256,.655707,.57887018,.40184978,.37347415,.22445011,.15939654,.1208152,.069169968,.044128537,.01599985,.0086490093,.0058214003,.0027869472,.001969116,.001113329,.00024094767,.00011068603
.92710131,.97811168,.83938825,.77901584,.7058261,.63342553,.53735858,.45436236,.38389677,.26427656,.26478761,.20532481,.13404314,.10225276,.063616879,.053136241,.046043795,.026319642,.01697715,.0079435091
.72293723,.59895474,.49946579,.41273057,.30899978,.2694,.18254495,.14922485,.092963621,.065942153,.034626409,.026877889,.013919752,.0075278357,.0053879912,.0026658864,.0012142712,.00032034985,.00022649212,.00021666242
.87739372,.77811986,.66094279,.58370274,.46974164,.32446951,.24393554,.24170463,.24302314,.10194113,.14557564,.049180355,.048080113,.022474119,.017000409,.014272573,.015068293,.0034670189,.0035120996,.00060232083
.0096503161,.0061192489,.0032845072,.0016347879,.00078775873,.00048932404,.00021094545,.000083748564,.000047407928,.000017066248,0,0,0,0,0,0,0,0,0,0
.17368074,.13114883,.079287328,.062432379,.051312774,.036942959,.02303886,.016422635,.0069315573,.0038448907,.0050512967,.0010985428,.0013028031,.00040646002,.00017361069,.00016147435,.000087680455,.000017547534,.000013606627,0
.44611642,.63025993,.80445433,.87415373,.69301283,.53158212,.25306594,.17153244,.082558535,.051847909,.010109442,.0016476273,.0017744643,.0010740119,0,.00005439411,0,0,0,0
.11121716,.073509119,.044598944,.035158183,.015617772,.0083594602,.0051626456,.0016776152,.0010056834,.00059227302,.00029325814,.000066640016,.000045752076,.000018757755,0,0,0,0,0,0
.67077374,.58083791,.46303493,.32802257,.29259843,.21474923,.16801718,.090215355,.086132072,.063318722,.015026134,.015626745,.012772716,.0047774152,.0039805491,.0056355568,.00040785951,.0018503516,.00012232651,.00019976831
.51601845,.60342747,.7202034,.82146019,.79847735,.9714548,.93919009,.82534456,.69195497,.59468019,.50419611,.45325869,.35596707,.15407005,.12255669,.12077833,.087049358,.061474878,.030582884,.032529533
.61035538,.66935527,.74332696,.91545302,.98248059,.9911229,.81420493,.69338745,.59607434,.49580795,.3573122,.27738702,.22395827,.21997173,.14438806,.12538868,.023356032,.06083547,.020427952,.0045849485
.55085689,.44872338,.36183941,.24287821,.16255656,.14690718,.093641259,.083339095,.049293581,.042228144,.01761196,.012016949,.0033926233,.0029832476,.0019166619,.00073487416,.00019816993,.000086309803,.000071334944,.000017133096
.87763244,.96961993,.82047725,.64806533,.49776199,.35914564,.22689222,.25282222,.15507977,.13286185,.071903005,.041421518,.034425985,.017714405,.0072711031,.0038122437,.00067273719,.00078645494,.00065362075,.00028886404
.64975393,.52143008,.47248575,.37884328,.27363977,.23583093,.15386906,.12292387,.10116634,.069371805,.05073449,.031402435,.013208548,.0055797612,.0065628113,.0014434395,.00088506093,.0010845198,.00032813079,.00016653222
.96661872,.82140636,.69293749,.52401483,.41474548,.2759307,.22247946,.12140917,.073836327,.055023752,.026133912,.022203926,.010162547,.0031945275,.0020465164,.0008480039,.00010113126,.0001167318,0,0
.3233251,.40179858,.51259255,.69780713,.76889271,.92519683,.75517458,.7401641,.44071361,.35933489,.22739629,.17791013,.14494026,.096224479,.022458768,.024973214,.0027827043,.0071824258,.0010708028,.00047590755
.065546267,.047361009,.029611679,.022490373,.01506021,.011527298,.0060237725,.0034366513,.001363981,.0010298257,.00056022732,.00030217884,.00020049303,.000058186175,.000048104677,.000023585075,0,0,0,0
.53259057,.44815087,.3743065,.30233926,.23418577,.20029522,.13790013,.097552061,.077400744,.053531978,.035842635,.022058224,.016411299,.010753265,.0054561356,.0049515441,.0017543013,.0010681461,.00054907775,.00034609047
.068247832,.087792754,.10893711,.15652874,.17709759,.26667351,.31388652,.366559,.36511612,.68572968,.65826792,.9930476,.90234208,.66843593,.66417003,.39084759,.38321337,.31792906,.16641919,.12344667
.43661574,.31035101,.25784323,.12834203,.095771931,.05056303,.049015932,.015632875,.012404862,.0032497798,.0031247269,.0017272793,.00027755191,.00004806487,.000032752629,.000075834025,0,0,0,0
.47493356,.57383764,.6480158,.74839705,.80841482,.9873895,.83738625,.82048434,.69764751,.56702471,.39148411,.38017046,.23664862,.13574584,.13424708,.078057222,.026171377,.042173963,.029734464,.0042400835
.56089705,.64833117,.72935164,.78241605,.85290992,.99291027,.91241974,.81142682,.7451269,.65490353,.51361805,.4181115,.32129616,.27175263,.22846378,.19451475,.13243978,.11441397,.073237687,.051713075
.46169809,.36446562,.26519129,.19153413,.10707196,.081759587,.050484274,.029958596,.024411529,.0058724293,.0053898972,.0024933657,.0004839334,.00041126015,.000093174669,.00009609478,.000057410274,0,0,0
.70558029,.59814721,.52628785,.40807074,.35091025,.24671902,.18641023,.16940995,.11844585,.056782424,.048443481,.035348181,.018794635,.013427505,.007710346,.0054023671,.0027665393,.00083622336,.00090240949,.00031537079
.9045819,.79445255,.68813163,.58860397,.52147359,.41315401,.2340959,.25456277,.21537845,.13108239,.093740493,.10890294,.046516452,.024483193,.02003056,.019448102,.019185698,.0035737415,.0011230311,.0012952446
.50742996,.44994521,.37763986,.32226145,.23603399,.20976727,.16979864,.14088221,.098218679,.07615678,.065226808,.039762314,.038678903,.017695937,.014514502,.012271804,.0029390559,.00334332,.0015117816,.0014285207
.0047321417,.0024398593,.00087202038,.00039118328,.00015096353,.000084563624,.000021987356,0,0,0,0,0,0,0,0,0,0,0,0,0
.55612379,.73597187,.86296731,.90569246,.75053501,.62032628,.42355236,.2629981,.21450202,.12520857,.043385275,.052246001,.016919406,.014294867,.0048363907,.0028597824,.00035789536,.00025849635,.000048680507,.000040326493
.36055243,.467996,.60155404,.83297485,.92056358,.87710708,.69152075,.50188702,.30976504,.28526172,.11352611,.085335307,.049510024,.038534455,.0052279681,.002931386,.0022722671,.00011222197,.00040567032,.0001221398
.31245899,.41382036,.60072422,.75190377,.9849031,.86846507,.68945676,.47273228,.32474679,.21054615,.12554494,.056389619,.036531512,.022669092,.0054995362,.0024546674,.00071939226,.00023747538,.000056998877,.000019134428
.27655652,.19330701,.14398153,.097757235,.071112834,.058958173,.012689638,.01709087,.0056609935,.004912362,.0018889073,.0010020881,.00030978513,.00035585268,.00011264034,.000016946557,0,0,0,0
.79532474,.71121603,.62666148,.51393884,.46213332,.37649027,.29385918,.21329941,.17249835,.10499074,.1015414,.086614557,.052481752,.02913194,.024282584,.016544865,.0089798588,.0063489368,.004716868,.001697298
.42149806,.33951193,.28092858,.19017451,.14893183,.10929866,.059944879,.049163409,.02955457,.02241843,.010040244,.0073337811,.0031696246,.0027277768,.0019871208,.00068723143,.00030344096,.00013582179,.000074756499,.000045506589
.0078831557,.0056105019,.0043759481,.0020353736,.0016065129,.00088525418,.00041508357,.00036541108,.00025931548,.00010796386,.000082961764,.000046018718,.000031245996,.000013340981,0,0,0,0,0,0
.14113495,.085538819,.062826529,.029806746,.019772854,.0076176585,.0049755275,.0025787021,.00071976526,.00031997202,.00010681849,.00011085172,.000015090405,0,0,0,0,0,0,0
.39541885,.2978366,.18989924,.10122364,.086463571,.042478438,.033717975,.0099712806,.002922968,.0028889389,.0011838271,.0002721968,.000018414306,.000090422771,.00001040748,0,0,0,0,0
.6471476,.74857557,.88743114,.96260232,.81814444,.76494676,.64258391,.531299,.44038215,.30609614,.20667559,.15622079,.12269667,.079464301,.061168592,.029905109,.031612292,.00957138,.0049827434,.002489012
.51511592,.64206797,.75383544,.94391376,.93333513,.80659825,.63197976,.50110465,.24724853,.26964173,.070470475,.047213107,.050406579,.027982403,.017933412,.0014372132,.0021008856,.0011041728,.00019478457,.000099691519
.037519433,.025787368,.015877111,.0091800364,.0052525271,.0034280899,.0020039454,.0014875004,.00064441131,.00029821086,.0002396866,.00014300797,.000070356749,.000032623,0,0,0,0,0,0
.011224813,.0056681521,.0025631362,.0012826193,.00055752014,.00018395204,.00011511789,.000026467495,.000011771496,0,0,0,0,0,0,0,0,0,0,0
.81848329,.67759949,.56439376,.42869172,.31350231,.23459677,.15992083,.11359459,.087521449,.053887494,.018914061,.014148106,.0090621049,.0034345062,.0030034045,.00046297882,.00037358952,.00027188606,.000068691996,.000020353949
.072833434,.044939827,.034231152,.019957595,.013875809,.0090205949,.0039043687,.0027410949,.0011588574,.00082035683,.00039252758,.00026775021,.00014735326,.000039576447,.000017709155,.00001036125,0,0,0,0
.32581776,.26877838,.18732378,.15629517,.10552421,.082544968,.055622175,.042640127,.024461782,.024579182,.013370706,.0056201527,.0051775938,.0019938073,.0018224041,.00078878371,.0003033856,.00031120967,.00018444074,.00010238421
.28713578,.20937555,.17023478,.12895775,.075761221,.058366645,.042559363,.027955795,.016793724,.0087949466,.0052384394,.0039219242,.00136225,.0012250623,.00025833835,.00058601965,.000078169287,.000041111987,.000013211496,0
.5390228,.6249069,.7025907,.83111322,.90862471,.93872839,.79847026,.59456998,.57073385,.51741695,.43364915,.36979708,.17426367,.16618396,.13904354,.064708047,.050959669,.026311882,.015384974,.012010484
.10953655,.13960686,.18990193,.20935352,.30851495,.38413084,.60684723,.64689058,.67814684,.94541568,.99489069,.88240641,.53835976,.51775813,.38365936,.20879012,.13110174,.11610384,.017837977,.011021242
.49583319,.38029876,.31043872,.24683353,.15288961,.12107401,.10931498,.082780488,.032871243,.032077972,.012444645,.0082633244,.0033042571,.00095773803,.0015250916,.0011715228,.00021277516,.00013163403,.000062518462,.00002084667
.16840786,.20593221,.24479122,.31376871,.36686271,.45247605,.54982913,.69513166,.79222721,.75873291,.98488826,.87681299,.6390509,.62564439,.5810253,.42472005,.15619591,.20726086,.15922707,.048287883
.073427215,.055677846,.039600745,.02349955,.010630018,.0087523405,.0064362772,.0047281045,.0015554132,.001075413,.00077462557,.00032235126,.00017595301,.000070561277,.000051447805,.000027151533,.000013453929,0,0,0
.34592971,.25012863,.17922005,.1319686,.076475196,.050474625,.033320889,.016345145,.0050671659,.0092935469,.0035223127,.00098627131,.00077220023,.000091205176,.00013024143,.000017511702,.000019153596,0,0,0
.1405836,.090788253,.057659503,.035280544,.023560332,.010680403,.0071506919,.0043844148,.0011033608,.00082812103,.00041018525,.00016864174,.000077646837,.000031985652,.000013073553,0,0,0,0,0
.51369494,.40342125,.31512889,.2539137,.19079156,.1289594,.093639046,.060635526,.044914931,.017533155,.006603932,.0050345715,.0023172258,.0017181822,.00020644354,.00010217795,.00022340183,.000030053925,.000024738058,.000014622487
.14457509,.19812305,.22524802,.29037499,.41612944,.41976604,.52242512,.57581007,.85243505,.92396671,.89799333,.77901554,.55974895,.38992515,.25762764,.25828886,.18491592,.11786676,.069569945,.012178315
.47922137,.54946154,.65034473,.78999192,.85314584,.9539116,.82787138,.73651075,.54012328,.63493907,.4820267,.24569471,.26316264,.10546163,.11140872,.07719738,.050819151,.058706626,.03502899,.0075508738
.42858753,.50503093,.59188569,.68325162,.7737537,.92407876,.92963278,.90614098,.73932737,.67494762,.49721339,.4987852,.39797524,.22096263,.31243244,.175888,.070069708,.028007718,.053373061,.025626434
.96682107,.80250674,.64846241,.47642851,.32264662,.15884404,.19126874,.10759899,.057275537,.032901715,.017076729,.01293231,.0025657276,.0019909248,.00024343219,.00031240701,.00010384285,.000016632517,.00001625603,0
.017160116,.012917911,.0089142928,.0054626875,.0039474014,.0026681125,.0012341042,.00097625138,.00068611087,.00033743019,.0002222074,.00011154206,.000060749164,.000041364317,.00002692737,.000013170828,0,0,0,0
.028701523,.016080756,.0086502815,.0047142501,.0026307201,.0015462531,.00081553112,.00034217691,.00011432391,.000082911647,.000027639948,0,0,0,0,0,0,0,0,0
.56309378,.46931323,.38302341,.31398106,.21703529,.16717358,.10489635,.087312356,.070027962,.034551855,.021128897,.017443974,.0088824555,.0075980327,.0039438037,.0010254059,.0011003166,.00003651029,.00015548374,.00010573384
.47239906,.5374167,.60635108,.66363013,.75274545,.81712937,.98299176,.98355132,.97515267,.80083185,.69762933,.74771351,.56851178,.51194531,.31908309,.29440024,.30060577,.17287965,.14155847,.078696743
.122284,.074669182,.038909804,.022529162,.018915931,.007492288,.0034287812,.0012381142,.00070172729,.00046187951,.000017765036,.000012350964,0,0,0,0,0,0,0,0
.031268906,.023149611,.015955396,.011202341,.0074470937,.0061961939,.0032467921,.0020546624,.0011854236,.0007711607,.00037942763,.00029892797,.00015063809,.00007996989,.000053253429,.000037768557,.000010348336,0,0,0
.97753114,.84733695,.69917667,.53842789,.4808248,.25456941,.25087193,.17938754,.10033941,.041230928,.024030263,.022521852,.011830105,.0016387907,.001185698,.00092495105,.00018263709,.00023248156,.000031186035,0
.78974009,.65844858,.57018054,.39582443,.31408218,.2493998,.12741004,.1188598,.077688679,.040122963,.020746503,.021251861,.0055162939,.0030460781,.0016743852,.00099514413,.00031541329,.00013125148,.0001392282,.000030735784
.12351071,.15865402,.21137378,.24317418,.31838515,.4545486,.48330572,.67894202,.8295458,.92905617,.94665921,.72172379,.53405464,.4925364,.48336089,.25302303,.24997939,.15835287,.045116805,.024154915
.72231972,.62459087,.52425545,.43693388,.35617015,.28053212,.21976008,.16136542,.12735009,.11951417,.052740619,.046282899,.031892106,.015407388,.0099893725,.0082862591,.0047260444,.0022752222,.0016533935,.00044936081
.99490792,.88686955,.76191258,.58344853,.45127395,.41628394,.30893785,.21514474,.15848249,.091828689,.073294885,.044342969,.041259196,.018689821,.0123015,.0074256142,.0029509361,.00085060694,.00064723205,.00030507054
.97311532,.8784079,.6946345,.57116956,.45291397,.31322098,.22296897,.13437474,.080767311,.028906418,.032167379,.035235263,.008364805,.0031024469,.00062298129,.00096042157,.00061981974,.000088750508,.000044791246,.000024623505
.81444812,.96507835,.9863764,.86205018,.84901631,.63277829,.50369054,.4449774,.35596764,.25870541,.2661449,.15236123,.1175188,.052320477,.069112413,.031941984,.046488035,.0083435746,.0043017101,.0078932801
.23537618,.18483689,.14589044,.11307628,.086515881,.0529131,.039895922,.025949787,.01911922,.014095973,.011678107,.0039113248,.0025007839,.0011357897,.00080523896,.00035383095,.00021973427,.00016009803,.000022582095,.000021112968
.41080528,.5240646,.66569328,.80102593,.94625014,.85603929,.66034979,.40501001,.45711565,.29552791,.22825329,.087684132,.060540404,.022252226,.015598363,.013555151,.0056433473,.0031335938,.00012476931,.00029350806
.43536904,.51199716,.57269639,.61615324,.78544605,.82614875,.8871243,.90325665,.73796248,.71425271,.53415722,.42293662,.35339758,.31642666,.33388779,.19483611,.20539035,.1560576,.086890422,.038080774
.28153515,.4338744,.64781129,.87645763,.85928005,.69717616,.3715778,.1889787,.11529674,.052077044,.04540493,.011462191,.0021479549,.0010245808,.00039837914,.00010300319,.000035818823,0,0,0
.29392734,.35009438,.37776461,.47629696,.56402737,.59785587,.82459486,.82865536,.96663463,.86397099,.74285871,.64017391,.33293584,.4057875,.27178308,.18113263,.15352869,.09963192,.024404617,.065567717
.086375169,.058205649,.035403334,.024266709,.012896097,.0077438778,.0043767509,.0021805507,.00074683491,.00052594632,.00024198271,.00011582817,.000049468643,.00002074767,.000011045891,0,0,0,0,0
.099505551,.071194082,.058088701,.046383347,.034319825,.021583056,.015219168,.010128571,.0073030805,.0039705662,.0030771415,.001483374,.0011808265,.00068278925,.00033915802,.00016285546,.00018123761,.000061984465,.000042068357,.000014898869
.81307632,.99320567,.83696771,.63955969,.52470165,.37475696,.21859083,.14143932,.10411353,.060811881,.034091476,.011638589,.0076114479,.0052671735,.0026307453,.000690874,.00011965264,.000095593678,.000033393935,.00002320875
.071664438,.1032023,.12298971,.18481098,.2384859,.30360258,.36679018,.45719567,.57986957,.85559922,.94058776,.79856646,.60148877,.52387202,.38666278,.20344105,.17339107,.088411644,.076385073,.024763005
.48704362,.36494076,.28022167,.21708214,.17095746,.11433741,.060991049,.03891442,.018744666,.012393941,.0038021272,.0020485464,.001087083,.00090791559,.00031855021,.00045324731,.000068521964,.000018157143,.00001619143,0
.0059648021,.012033502,.020529212,.039749831,.078976862,.12193529,.21911183,.30445564,.51728618,.74632967,.98881054,.77694207,.50806051,.25737473,.15202075,.10908083,.032739211,.0090268031,.004223723,.0033061258
.28736153,.25826976,.2054026,.16565552,.14589362,.14000152,.10263784,.085548617,.074630015,.052640647,.040464409,.034319233,.023032615,.019518975,.012912919,.011825634,.0056433254,.0052247713,.0032556111,.0026872351
.93481034,.83189058,.71059483,.62221551,.50823683,.38554263,.30060333,.22140484,.16511168,.10670185,.070802756,.042961087,.029917622,.019879069,.010708068,.0070099994,.0048868428,.0025805254,.0010708451,.0004914992
.17475219,.13376255,.090323903,.058425605,.03241206,.023413805,.01825075,.0084095774,.0037470255,.0031533784,.0013614411,.00089415582,.00034000204,.00013517404,.000074337971,.000046454807,.00001679952,0,0,0
.20431076,.23309465,.28319749,.36540064,.4261384,.48948792,.60686523,.6120528,.72385216,.83166975,.94640493,.9526965,.8696987,.52712774,.47257921,.36342001,.45391902,.16213027,.17927234,.095502518
.93455064,.94407088,.8535673,.7827335,.59005004,.52563131,.3796505,.34029883,.2551412,.2401385,.18047918,.13597605,.058936525,.06239209,.026010079,.015689861,.019770419,.010143616,.0036287899,.0061347219
.54757243,.4734914,.34976664,.30162334,.2583679,.22781214,.14784329,.11570771,.067322262,.065925807,.041009925,.027647121,.013875679,.010633142,.0080884313,.0065049645,.0016851404,.0010671106,.00094961218,.00027075195
.64587849,.7647965,.88982385,.99705768,.84883046,.75467086,.59565884,.52707285,.3697606,.28759143,.20389967,.14442888,.089039534,.056144424,.045122165,.016876059,.0079565942,.0040405719,.0019928738,.0024042048
.69564068,.78163105,.87547129,.95780069,.84714323,.71917629,.63740075,.52399164,.38831654,.41380537,.21093646,.22010176,.089172758,.060204152,.060135737,.037588343,.031026388,.0093046231,.010556207,.0045994292
.82188857,.92233509,.97129041,.84024632,.73980206,.54173374,.45357513,.40118617,.30503434,.19113855,.15756923,.15651202,.025562609,.059823751,.039287675,.015513054,.01533042,.0076092691,.0025159479,.0011616043
.38572788,.3136448,.30936021,.2677511,.22357602,.14832486,.13443498,.10792552,.11609824,.077143848,.083507352,.06817928,.0384803,.030327786,.024416247,.013447178,.015799902,.010248148,.0071294601,.0042458433
.14163327,.17916971,.22692594,.26117846,.40100339,.46442997,.50932282,.63584995,.69945854,.91723341,.96318948,.74366516,.44179896,.44529355,.46407843,.13101996,.15341112,.061964005,.045292594,.009021488
.54139823,.47097215,.42745462,.3567982,.30179912,.25086805,.21539633,.16181251,.1329987,.091360427,.090414964,.052468725,.041967165,.037279528,.025639307,.015343802,.012674008,.0096479598,.0048432872,.0052728415
.097030774,.14367661,.19312733,.32498839,.4794265,.59959435,.77499992,.96854264,.88147414,.66229576,.51073128,.29118821,.13800454,.1226353,.035890665,.022440962,.015948124,.0053890264,.00037651832,.00040287618
.95911634,.93967557,.84963542,.75264579,.63533682,.56722802,.45688227,.37710693,.29861709,.2022308,.19246715,.16412604,.097416863,.084006146,.050588988,.029924396,.023455057,.015057431,.0083532417,.0050044134
.42938751,.52003473,.59340692,.72823346,.77289861,.92492086,.80699849,.7777285,.70093429,.54620469,.37527937,.37273601,.21457818,.16156517,.12507543,.10156791,.05537856,.01655365,.016543468,.004430261
.21149713,.15420665,.10619883,.070981435,.041805103,.024544558,.01194495,.010815424,.00529439,.002241197,.0016409616,.00048702344,.0002185716,.000087281711,.000042774926,0,0,0,0,0
.098255321,.12268852,.14637788,.18467107,.22505438,.26808679,.33622667,.45948961,.53110301,.58548278,.78769034,.84233391,.98457199,.7405827,.75057733,.61061645,.4506686,.27719387,.2649906,.12430424
.29559666,.24179921,.18026987,.16980113,.12096316,.10371586,.072917685,.057040878,.037106108,.028361134,.014888084,.013159991,.0078671379,.0050321943,.0028533696,.002682802,.0014793243,.00093768211,.00084479904,.00025355053
.74138594,.64688498,.5622831,.50933206,.39781967,.33564186,.29297799,.21627568,.17217802,.14771894,.064132094,.07156875,.048623722,.026433289,.025105851,.0099984026,.0054915142,.0038548864,.001918787,.0018631215
.5325315,.6685707,.7311188,.85193914,.9639051,.74942076,.68648553,.60086334,.49814028,.27235451,.23236467,.17040353,.13135767,.074394822,.039841596,.026573332,.012944562,.010541018,.0036928419,.0044885743
.8057068,.92659169,.96622604,.78993976,.71228784,.52298218,.45924854,.34030572,.28445074,.16779542,.12617852,.075669982,.042039856,.036869962,.025042573,.0082773631,.008598553,.0016378849,.0017482582,.0012173755
.00040759169,.00014324344,.000053305237,.000011865099,0,0,0,0,0,0,0,0,0,0,0,0,0,0,0,0
.62187773,.53426719,.44844842,.38901275,.32494694,.28801256,.19864689,.16703486,.13253193,.10644924,.055250399,.044527009,.03283032,.025978841,.02127441,.011504724,.0095720505,.0062508676,.0021131213,.0015784244
.91048789,.96239507,.78829443,.60865343,.52714628,.31438878,.26978931,.17407519,.1054837,.051966339,.02814135,.014712352,.017669531,.0078793569,.0035879994,.0011346025,.00049348018,.000038844748,.000014733668,.000016672404
.8457436,.72603631,.64787352,.50551635,.36778098,.2934244,.18848354,.12479715,.13945813,.056929223,.046568897,.035163235,.016562771,.012289925,.0024339403,.0028281081,.00076711446,.00053809799,.00019310846,.00022497482
.46638715,.6110068,.71460462,.86200559,.90406287,.79294318,.6225341,.53058791,.27774829,.34801427,.17680423,.07451532,.058740571,.027291156,.016310092,.004156915,.0020560927,.00054194493,.00051912467,.00018876756
.13443363,.082086332,.051711779,.036390722,.014270731,.011225373,.0061312793,.002921473,.0015461965,.00065372814,.00022387246,.000070263319,.000097616008,.000018069588,0,0,0,0,0,0
.057557568,.030522905,.031738404,.018100882,.012221726,.010361248,.0052602603,.002201214,.0017611879,.0004689616,.00085798447,.00029927734,.00006380157,.000051363815,.000093668248,.000017180129,.000012347951,.000010891777,0,0
.55712932,.68532574,.80439961,.87672108,.95332605,.80200475,.76633716,.58505648,.42604545,.37283561,.26328924,.15786093,.11998141,.081505634,.048427675,.023089522,.01380161,.0044429176,.006021745,.0021862951
.47403622,.56610757,.65753943,.81800413,.94717908,.89778286,.82299918,.64460254,.46356481,.52035731,.24581733,.24719404,.12727816,.10278304,.045904577,.016702302,.027633544,.01167192,.005594275,.0021409562
.0010517125,.00036119806,.000095221527,.000039653391,.000016321579,0,0,0,0,0,0,0,0,0,0,0,0,0,0,0
.69309396,.57693172,.47810364,.37150884,.30784041,.22626503,.22542067,.11589739,.075615577,.033207145,.037244014,.028242238,.0099586686,.0048216875,.0031692954,.0017569596,.00046157057,.00056656136,.00019077792,.000075802847
.40260404,.55698067,.67603409,.82890582,.95839739,.88404882,.65184057,.56816554,.37385902,.25740704,.15474814,.093455352,.049038541,.043762933,.019121811,.0066671786,.0025185286,.0013202114,.00041403886,.0005019253
.57670635,.69532591,.8131181,.93419588,.88529593,.82830286,.65487134,.54793572,.3825264,.38506636,.27495804,.28908429,.10440011,.046573039,.039865438,.0092804162,.012116002,.0095206387,.0039152503,.0024618343
.31647077,.37452155,.43062738,.52153718,.59439534,.66022605,.73964721,.83959508,.95060247,.9793039,.74372858,.6554774,.55711073,.40636724,.37586001,.27162728,.13717321,.1577739,.095321365,.048897155
.034611065,.021127502,.014314431,.0076180026,.0042934432,.0019536361,.0016734875,.0010859967,.00022556393,.00020578652,.00010265615,.000042765721,.000023982493,0,0,0,0,0,0,0
.022852724,.030520441,.042685445,.064334996,.087633327,.13340418,.1643697,.20837568,.33831918,.29823342,.41261157,.58027208,.87845784,.83741021,.66415673,.68764478,.43276,.37974036,.19936778,.16744544
.72600585,.83515888,.92025679,.98294377,.86071312,.74058783,.69256836,.56601489,.50800127,.36835179,.32915118,.215445,.17708111,.12526545,.0930591,.067514814,.048792437,.023933588,.015939321,.0091615207
.24044253,.19677955,.1730105,.13752615,.11040206,.096163854,.074898452,.061800312,.03859628,.030924842,.02480749,.017748659,.012994687,.009521612,.0076606264,.0053031044,.003490902,.0018012534,.0013956189,.0011389472
.013475167,.0083812233,.0051170476,.0015186151,.00091557961,.00072355196,.00015324821,.00024061455,.000038943344,.00002747998,.00001533559,0,0,0,0,0,0,0,0,0
.30332085,.21334241,.15107091,.12661158,.073413908,.040859371,.025745172,.015416846,.0083269347,.004138052,.0022047835,.0020092712,.00049890846,.00017450088,.00021926482,.000038779162,.000037261594,0,0,0
.61508024,.47724849,.45760342,.30791634,.21769115,.15801306,.083865382,.058512762,.040291544,.05118414,.013219126,.012201052,.0048274659,.0011123673,.0008697611,.00031957866,.00017375936,.00012580903,.00012221324,.000035983034
.94246519,.86914039,.73107421,.47210744,.40689197,.1933842,.14347242,.12755749,.050842881,.041412096,.016732652,.0067470069,.0024601903,.0016218094,.0002718519,.00026791927,.000058995938,.000036581434,0,0
.16943833,.12636545,.091140918,.066366643,.054264627,.030674394,.018029748,.014534971,.0090114465,.0059243944,.0025042142,.00088849996,.00076999748,.00027543705,.00020998024,.00010919475,.000054099411,.000060423317,.000012970309,0
.79737169,.91286832,.97512329,.74890739,.67533851,.62737983,.34324065,.36661312,.30953237,.1454058,.11935431,.1357314,.070752755,.045343921,.019600406,.010600726,.014726339,.0027914308,.0011638819,.00040410808
.56313103,.66283017,.77343088,.91767305,.94097549,.79228956,.68474555,.55005288,.41086811,.29194954,.21180257,.16895628,.10953601,.089439668,.041122112,.019578515,.013951532,.0093371794,.0044934577,.0016773543
.65217417,.56037623,.48126292,.39840302,.34191814,.2978512,.21742989,.15748352,.13549741,.094820686,.061915468,.051244251,.04131439,.023257755,.015945129,.0077563375,.0056455038,.0045046089,.0023281798,.0016186936
.5478695,.67741102,.8829723,.9718104,.83614326,.72898096,.53818017,.38716131,.29860136,.12999961,.14601861,.093284644,.022102118,.023304518,.0055586156,.0042465259,.00069725653,.00025637957,.00030854938,.000078116806
.89821869,.9720096,.85614723,.72795296,.60632843,.4958992,.42219657,.30563626,.2217312,.1438272,.1282507,.07823997,.046129487,.030986909,.017743187,.014216804,.010121529,.0025827431,.0022109952,.00040239995
.38653243,.32083908,.25287926,.19996892,.14090644,.13022114,.085351698,.059544187,.049828138,.033681478,.018533034,.015211685,.010025647,.0051886057,.0032470382,.0024591042,.00139106,.00055609108,.00053473003,.00017893162
.24850763,.33959752,.41589049,.54015553,.66815084,.82974076,.93406522,.8552981,.73994112,.57615709,.32439208,.28516874,.24012561,.14842227,.07139466,.04841309,.020635299,.014895461,.0048105065,.0027143566
.30301628,.24000414,.19278915,.12911695,.10251808,.083933942,.06402272,.027218251,.019292396,.010318281,.010170372,.004129915,.002056079,.0019545322,.00076173584,.00036642075,.00012502099,.00021069871,.000034128836,.000014887594
.72311383,.60899568,.42942792,.33749354,.23718694,.16393112,.098194055,.040503021,.043920226,.027515737,.0079796156,.0040697036,.0027300722,.0014333541,.00057364517,.00019957857,.00020802257,.000042066491,.000016276847,0
.75279957,.58610827,.4176605,.31721607,.20054808,.12060548,.077080131,.033798359,.016480125,.0064412379,.0026405335,.0013220701,.0007545441,.00009614286,.000050138657,.000013556975,0,0,0,0
.68320143,.81099665,.92648554,.92352974,.73343104,.59502637,.42882538,.36246994,.26212075,.14516735,.10309021,.093432873,.051555619,.017463116,.010420991,.0074461633,.0052648308,.00075417623,.00032604911,.00020867944
.055199515,.038399268,.023718592,.015518121,.010466793,.0062089851,.0038630276,.0015742753,.0011112259,.00085764279,.00047305998,.00025378176,.00012695442,.000045742763,.000015740608,.000020871312,0,0,0,0
.15302968,.11742756,.0859809,.053560276,.037864577,.02897384,.014894532,.010293722,.0079381922,.003364238,.0012948352,.00094096333,.00050891511,.00043165975,.00014301293,.000061149374,.000038744016,.000011514137,0,0
.83674085,.76508689,.68878376,.63536906,.53838396,.50854766,.44154859,.3485902,.34038496,.29915994,.24234428,.22254337,.15172368,.12149268,.08946918,.089482993,.063755848,.057559557,.028409164,.025605032
.85105526,.73490483,.58741218,.50746787,.37071553,.3008461,.21403395,.13233414,.068506092,.046273801,.049223568,.02652449,.011397462,.0033080825,.0029051185,.0010104801,.00099492341,.00029793062,.000098469412,.000020942105
.97433019,.82726282,.69781774,.53838426,.45217225,.32617772,.24400568,.15819736,.10320076,.060024783,.037530575,.029341992,.010700301,.0041088206,.0026158758,.00085120869,.00050186442,.000213494,.000058032601,.000041755051
.62758243,.50063145,.35919318,.29244319,.20122743,.097566813,.073293485,.038999561,.02926915,.017431485,.0061494457,.0039195763,.00054964336,.0010033271,.00045099761,.000081841696,.000048705173,.000010585236,0,0
.25778213,.20593324,.15632464,.12365294,.084943272,.060245361,.048782937,.03523881,.019982362,.016317634,.012706141,.0077527924,.0035426142,.0017220187,.0013556458,.00060550042,.00046883622,.00020904501,.000094286195,.000079187063
.57709092,.70973432,.8722524,.98855942,.84046799,.80021298,.57568526,.49830398,.30682614,.22673737,.17506777,.097921357,.070572428,.051378038,.023329703,.01216337,.0081431782,.0030440642,.0026520165,.0014791983
.40110669,.32048455,.23985314,.17855127,.088066906,.070941277,.041330002,.021145811,.018600132,.01071774,.0054035387,.0031797409,.0012313043,.00050137745,.0011546086,.00012328688,.000047068675,.000086162254,0,0
.18561746,.12906158,.074650735,.045332666,.029230552,.0089768171,.0043509426,.0024781222,.00090979162,.00088793895,.00022449455,.00015370843,0,0,0,0,0,0,0,0
.069641598,.050960869,.036544196,.016674498,.013480524,.010316139,.0060952879,.0028272551,.0013237834,.00081138173,.00049941737,.00037579073,.00010178101,.00009744439,.000016260859,.000040433199,.0000114812,0,0,0
.074211009,.050086785,.03909903,.021466009,.012015909,.0060991859,.004207958,.0024067936,.0011847423,.00082908355,.00049899064,.00012194639,.0000372262,.000020741407,.000016831511,.000010796184,0,0,0,0
.68408549,.77735615,.91093647,.96901053,.85150111,.73798037,.64597464,.53329468,.46051326,.36992395,.28243273,.2624979,.16836874,.14294581,.11193822,.0302753,.034550484,.01992996,.032715052,.012540027
.099104472,.05610884,.045462411,.022756809,.010259765,.0060521257,.0025374622,.0015789577,.0012851489,.00046330792,.000268987,.000043019903,.00002821546,0,0,0,0,0,0,0
.95506042,.9345057,.86123198,.74570978,.66481918,.51156658,.43262419,.33152199,.26319256,.21229704,.20327406,.13651909,.085589685,.038284339,.033406075,.016095262,.0093815727,.015924918,.0040778504,.0012361609
.99649626,.89384389,.78123605,.68551463,.50915045,.44633782,.40534851,.26990917,.24585788,.18658191,.12071141,.066607162,.056516938,.047323857,.021484766,.016309051,.0093926657,.0065159253,.0037026093,.0018929112
.93852556,.80248511,.59796029,.52744639,.34878549,.22507939,.25512514,.16376662,.088183045,.067242347,.031122299,.016334279,.0077086864,.0068569146,.0013201537,.0011034167,.00064351055,.00034497591,.000078001642,.00006842718
.63243222,.56662357,.47059464,.36731863,.33212605,.20741157,.15333673,.1172615,.11253153,.074409254,.087920621,.03643835,.014894959,.014173815,.019468613,.0042458088,.0014135453,.00023792844,.00081920903,.00026541456
.97197789,.84708607,.69540334,.63208753,.48541114,.42308703,.30727592,.22394851,.20544328,.11817557,.06495703,.050640181,.022427779,.027853729,.0040165321,.0077381423,.0022718299,.0008546685,.0003798829,.00049353729
.19598782,.23889174,.27988264,.36630663,.42872417,.52694339,.66178328,.69582504,.8324399,.94642246,.88410664,.70509803,.75480479,.42184374,.35392937,.25639084,.15103029,.096462496,.12912986,.05490021
.96268815,.88660312,.75871092,.5751285,.48328838,.36202091,.24999796,.17725308,.12320741,.07387054,.052410368,.035290226,.012882876,.013931973,.0048976769,.0034515029,.00088868191,.00074106851,.00018663918,.000081244281
.24860056,.20853712,.16526516,.12133503,.085633844,.064574227,.052021272,.03778211,.023273993,.01321091,.014535513,.0048311586,.005096863,.0019205263,.0012594876,.0011446866,.00045995152,.00032947175,.00027174188,.000058465488
.014683967,.0086257933,.0046231775,.0020900471,.0016403956,.00056933449,.00031161902,.00012016775,.00002915243,.000017816976,0,0,0,0,0,0,0,0,0,0
.98554188,.78619677,.61997044,.51822269,.42346913,.29818556,.22967191,.16290393,.14777254,.044123169,.017661138,.020230969,.0079527665,.0021494834,.00042335011,.00038547057,.00044071706,.000097795069,.000059707825,0
.07098417,.048071045,.035282828,.017931191,.015136068,.012729979,.0068059023,.0045022448,.001836726,.001308083,.00048892543,.00026615185,.00017644893,.00010016811,.000025031037,.000043172266,.000012258602,0,0,0
.15526049,.11905441,.090442978,.058092013,.039517537,.032971561,.022155704,.015034509,.0089377705,.0066504139,.0031903009,.0018211121,.0014458519,.0012986892,.00027683371,.00020839453,.000086868284,.000057985708,.000033642016,0
.93130225,.83327758,.70082968,.59412146,.49615446,.44102576,.25110614,.22416601,.20220794,.11742717,.1017646,.05003814,.032668665,.017139582,.017142519,.016212791,.0065048784,.0035782405,.0015124261,.00037071528
.7284959,.57981414,.42788124,.33157229,.26704967,.16041896,.10776211,.059926394,.0251556,.01739273,.0035419515,.0016285229,.00061247521,.0002361386,.00027611398,.000014151439,.000034367993,.000054703429,0,0
.97555292,.86382765,.76427609,.68376255,.57893479,.48379475,.33575276,.2580449,.22179827,.19832984,.13665204,.084631927,.050424598,.045072172,.034547281,.010353287,.012071517,.0061817328,.0012034865,.0022635439
.14255875,.098083496,.072836727,.048831381,.031910546,.019449333,.011719769,.0099930791,.0056761052,.004101532,.0025547666,.0011962181,.00041340987,.0002553208,.00013731145,.000069918315,.000035776211,.000015180118,0,0
.76029158,.62797302,.48221672,.37530658,.28800991,.21332242,.11599875,.11511228,.058282342,.040545434,.01892486,.0091630984,.0080112442,.0036024218,.0012424963,.00054039952,.00018944431,.00013253736,.000042674794,0
.40544707,.346302,.28871906,.23882739,.19552629,.15513106,.11368958,.091518201,.064624943,.057643082,.040865492,.030132832,.020446772,.014742153,.010089684,.0055428743,.0050156135,.0018743799,.0015364466,.00102129
.63573796,.54278266,.39196122,.28531557,.26326922,.18677011,.10293377,.058302134,.048051443,.024966108,.019258184,.007701837,.0075948751,.0038002643,.0012254975,.00080313417,.0001702757,.000091092668,.000022424638,.000050812192
.16192478,.11678077,.091103554,.051264662,.034440201,.022641763,.015449177,.0090206731,.00586048,.003724471,.001642019,.00074299442,.00017199824,.00019352046,.000072234805,.000045056822,.000025049592,0,0,0
.62594545,.74822772,.89962178,.97539872,.85999787,.72457927,.55101216,.47267291,.25482568,.2356158,.11784056,.054762084,.045197107,.039107535,.017964331,.015383496,.0055698268,.0034284233,.00071288244,.00027414839
.88405675,.72766548,.58413726,.41382709,.37156522,.25098252,.17677219,.08203949,.058001995,.023725234,.029376965,.005631844,.0022736294,.00043245463,.0006684392,.00011821378,.00001324997,.000050552793,.000020436799,0
.60573483,.52652192,.42611623,.31876594,.26832908,.21893647,.14051419,.1068343,.080455437,.06297306,.038326118,.028534556,.018189801,.0097359493,.0050589484,.001882375,.001056568,.00055649667,.00022078052,.00026888517
.51702738,.42443594,.32998011,.23512471,.18235689,.13760495,.10214691,.060852461,.04647528,.025379432,.01304288,.0090345964,.0040313802,.0015919479,.001315654,.00045460218,.00033992084,.00012329711,.000047731024,.000017829072
.0079354476,.0050208922,.0028938109,.0015664863,.00093239069,.00046337766,.00034799718,.00017617033,.000077325632,.000041426279,0,.000011269168,0,0,0,0,0,0,0,0
.14258969,.10288205,.083598979,.04855198,.032914795,.02227441,.014195578,.0096773701,.005217405,.0036992368,.0014581929,.00086570194,.00034256192,.00023592346,.000056727775,.00004554,.000061602368,.00001465218,.000012788096,0
.12205242,.15492932,.20641005,.25960028,.31653428,.42760876,.5309211,.74573487,.766312,.80308342,.91730136,.76572555,.6854412,.49813467,.44264507,.33119833,.19108564,.096092276,.090713143,.018713119
.86617637,.95840663,.91703767,.76459211,.63346624,.63656497,.44238064,.4234682,.29926658,.31398296,.14314434,.11872732,.057623934,.095836774,.01937329,.014969516,.013535231,.0066004894,.0018224043,.0024959082
.1679104,.25952333,.32006922,.4356353,.59854758,.7932862,.93101764,.84881943,.80539131,.53943813,.35786611,.4046796,.14528705,.10039747,.026712472,.030812081,.0086661913,.0062429421,.0017592883,.0019444383
.35138759,.31402344,.28429732,.24738924,.22071807,.19171022,.1708111,.13097475,.11085992,.098015063,.089856468,.061643127,.055155594,.048062,.033555217,.021756615,.018497871,.013015036,.0071548023,.0071375952
.06066319,.036070276,.022366727,.015327086,.0085892361,.0039930847,.0020973592,.00065865362,.00032221066,.0002133083,.000072042792,.000031210446,.000023089575,0,0,0,0,0,0,0
.59273767,.69230026,.83433867,.92795372,.86467099,.6952917,.63823402,.5147593,.29224351,.19633527,.20840356,.14118662,.086914875,.023408456,.060203467,.011647345,.01512646,.00414088,.0021152089,.00030694189
.25081509,.31681883,.39022565,.4581103,.59733427,.77672106,.84611148,.99066538,.78643054,.70037133,.44351757,.36327505,.3504051,.2211623,.15538494,.081128441,.059460789,.020023916,.009807948,.015789472
.49589649,.56954706,.69983411,.83476293,.95873249,.87854105,.82167375,.59453321,.56768429,.44772956,.25732678,.22693904,.13172248,.10093846,.045866754,.060340971,.011839358,.0077850176,.0081846239,.0037982934
.24526009,.20299168,.15690722,.12554526,.095134728,.080553979,.051967811,.038624689,.02376497,.018291971,.013205161,.0082041817,.0056277281,.0048702369,.0018676969,.0014622405,.0010698233,.00051031396,.00028101451,.00018329202
.0028251966,.0018439663,.0012423691,.00049885758,.0003907936,.00018062178,.00016569164,.000068843932,.000044112825,.000019699071,.000015827989,0,0,0,0,0,0,0,0,0
.041312911,.025388414,.011620845,.0063535101,.0034559085,.0010038622,.00063291908,.00029297263,.000078218422,.000013447721,.0000158904,0,0,0,0,0,0,0,0,0
.78611922,.67500561,.57869804,.47796294,.39437553,.33735013,.2344781,.16190119,.13744606,.10948826,.067028508,.057419412,.029709317,.020985005,.0096974475,.0063358909,.0050531109,.0027928788,.00068990159,.00072466891
.46900377,.39445493,.33504093,.27962145,.21945773,.21164514,.17872374,.092996813,.085564025,.06792929,.044639833,.035279933,.032122649,.021893561,.01207117,.0051925355,.0055630817,.0019764758,.002010515,.00076576113
.9282434,.94824868,.88031048,.73022693,.5968346,.53898972,.43708596,.37065846,.27456707,.20905426,.11315989,.12642688,.076789409,.064811677,.045572393,.026239878,.0080311066,.012385736,.0035316753,.00085112423
.30277348,.38694647,.44067571,.59964937,.75786167,.86084318,.93148166,.73945773,.64377791,.5405004,.32323456,.32501215,.22233056,.13058217,.12569886,.038342159,.031156464,.012828798,.002875631,.0052236943
.18522963,.13525365,.10556137,.077449694,.052333083,.041006759,.020869495,.018648747,.0094643179,.006346527,.0028305582,.0021329958,.0014550664,.0011593311,.00030453873,.00018762727,.00018117322,.000056376452,.000010494107,0
.75416732,.57948941,.44893458,.34647253,.22404969,.11350904,.10739017,.073655203,.030614743,.017261777,.0061252839,.0050396328,.0017998833,.00052846374,.00038003377,.000040352919,0,.000019326188,0,0
.27546591,.22024454,.16149661,.1239783,.078792468,.056982405,.043243274,.026419505,.017025594,.0099664833,.005898484,.0034855125,.0017337137,.0012560346,.00042655988,.00019226185,.00018073263,.000051868476,.00002548201,0
.85820782,.99857724,.83642304,.73818278,.53486246,.42363483,.32207939,.25789231,.15970451,.051531855,.054253615,.0311675,.0077501652,.0088393753,.0066324784,.0016973445,.00050684006,.0002628667,.000093820701,.000045065601
.85035825,.73394412,.57917506,.51596177,.42346689,.29682556,.254504,.21728846,.14744326,.1109741,.063379765,.056388434,.052792542,.01833695,.012162439,.014644573,.0042037191,.0024810079,.0015101737,.0010206162
.0529049,.028651871,.015860787,.0088293301,.0055831205,.0023463885,.0012415841,.00043631165,.000082427905,.000088476903,.000034707773,.000012178009,0,0,0,0,0,0,0,0
.36278719,.28777978,.19814667,.12306192,.099574268,.056957416,.027045261,.014031543,.0082035605,.0050522084,.0017974968,.0011014112,.00041170363,.00036752425,.00014836382,.000025649068,.000043427055,0,0,0
.20804209,.12778804,.078123085,.04945175,.027353864,.011832479,.0066967355,.0019574505,.0008992434,.00046693042,.00024614827,.000080369013,0,0,0,0,0,0,0,0
.40334621,.28862455,.19118969,.16127287,.10222876,.07051374,.03921305,.021398081,.0078850994,.0066788751,.0034277649,.0021264467,.00084968511,.00034891986,.00010962362,.000079120939,.000073859264,0,0,0
.65870649,.5571506,.50899422,.37912557,.2834422,.24965596,.15097906,.13010594,.11037531,.069557063,.040696692,.048018314,.027656769,.027326887,.015031059,.009626016,.0005770931,.0026188367,.00018847825,.0019234603
.86493015,.75156909,.62010056,.47213715,.46114436,.32947558,.26511902,.1952143,.11406771,.10161635,.093001097,.073281251,.026494745,.0091257356,.012956891,.0035195192,.0038440016,.00080703059,.0011494994,.00027921909
.44855595,.35606685,.27476636,.22170839,.13762718,.10898935,.060747143,.021466916,.033795759,.017464211,.0099955564,.0043054293,.0016573793,.001105278,.0006835541,.00018397454,.00012582443,.00010878556,.000047710921,.000017033288
.004413296,.0025847547,.001047471,.00038268621,.00028554257,.000059440259,.000034745499,.000012760621,0,0,0,0,0,0,0,0,0,0,0,0
.3547309,.2758233,.22366764,.20088416,.13858584,.10926588,.083029047,.050513592,.035884514,.033508856,.019522376,.012204237,.0089203315,.0047276048,.0026089493,.0017048049,.00059115555,.00037772622,.00024529544,.00024931034
.22081338,.28136382,.32065409,.44167751,.4916518,.58354235,.79263341,.78808248,.99033862,.85724401,.74172038,.4736422,.51598454,.45699361,.2422848,.1175435,.15204833,.12625347,.015934883,.01903748
.22819525,.15259886,.11933801,.062007338,.038840465,.015095247,.01583633,.0036295445,.0034598657,.00077001902,.00026757631,.00016953582,.000025245448,.000010866735,0,0,0,0,0,0
.43062663,.34715682,.27071613,.15619181,.12543468,.080627471,.056545723,.048616089,.030371843,.014042607,.0072498666,.0044366769,.0014341072,.00073309947,.00056256325,.000079534526,.000073252486,.000030761516,0,0
.20961778,.25920245,.32274544,.36751705,.48732871,.57233357,.66447222,.8147065,.9400602,.84854263,.8496601,.60500336,.5705353,.46383551,.35653305,.32362345,.20088063,.12488978,.071978733,.023556847
.91041648,.78593016,.62526137,.56773692,.4342646,.36419976,.22459717,.18599105,.093865693,.071442284,.033579163,.024591919,.014667031,.0074956277,.010279056,.0031415634,.00040265662,.00026001383,.00014842754,.000071361188
.99365991,.8685053,.78586197,.63587892,.57428211,.37369204,.29624322,.20733455,.14034927,.11354651,.054911327,.025407618,.025471076,.010265641,.0082768574,.00056797569,.00083110516,.00095383998,.00049588986,.00019983648
.70682454,.54728764,.48192894,.3300457,.2267848,.16655096,.08211679,.047154829,.04455841,.021788865,.011855688,.0082015265,.0025513556,.0020044944,.00090275781,.0001504097,.00006227925,.000035492823,0,0
.4784081,.38885823,.3165738,.26296544,.20143977,.1520313,.095562145,.05496816,.056311123,.032610163,.020968789,.012298639,.0065102219,.0043776361,.0023191941,.0010527143,.00059808331,.00029025145,.00014612898,.00008363161
.26152983,.33583745,.40586379,.47656554,.60534072,.70633286,.87200284,.95649314,.78701568,.73543066,.55031276,.37971789,.28263265,.21296847,.10167039,.074415475,.027045926,.042137485,.0029575736,.0032746471
.3599031,.301985,.2243377,.19767794,.18419392,.1305632,.09274739,.06095342,.035399269,.038139697,.017959991,.014253234,.0092436383,.0053027407,.0028248138,.001948993,.001119833,.00084677764,.00071144133,.00010130697
.93515813,.82506257,.6646502,.55183154,.42556572,.37471363,.2515955,.23373574,.12514696,.10279715,.068578608,.033248108,.017146561,.010377689,.0025980156,.0026461824,.0010818301,.00068357709,.00046903462,.00014628562
.7356078,.83135593,.98700881,.8853184,.78812689,.69081092,.57325768,.42080468,.3810164,.26211613,.20069025,.13933931,.11950432,.075218707,.056463506,.023698162,.026054341,.011241808,.0061645759,.0026912396
.63527507,.71513599,.77666003,.89225698,.89382994,.94299281,.74244225,.722835,.54017901,.55135417,.45286372,.31477711,.23180854,.17700042,.16707645,.10671602,.080009989,.034107346,.038283106,.028325526
.56306696,.46336409,.37086654,.30257854,.26693052,.14872076,.14359324,.12432099,.075668722,.055057481,.016864356,.02162171,.014494125,.0072487039,.0029181752,.0022717083,.0022236623,.00093300716,.00010137064,.00011307258
.09671703,.063564263,.040743444,.02135502,.011701039,.0073368317,.0027324497,.0012617819,.0010984081,.000416483,.00015122822,.000037293463,.000032759224,.000013048175,0,0,0,0,0,0
.32561368,.2410419,.11427724,.096573561,.060252231,.037945114,.013526876,.010182624,.0046353922,.0017047554,.0010093439,.00013547254,.00015060476,.000072220566,.000057161218,0,0,0,0,0
.49746135,.40333715,.35531858,.27839196,.22930141,.17004284,.14008343,.097115628,.056822266,.042923085,.034259874,.02453113,.01128173,.0071430914,.0047560246,.0022047178,.0023959903,.00089977687,.00040725441,.00021067981
.4492276,.38318163,.26030034,.18231213,.18517055,.14463659,.096439354,.082039341,.041185532,.031654086,.016350638,.006082233,.0087944865,.005526599,.00017555564,.00043441451,.00017035354,.00029163217,.000074151787,.000026877771
.46668512,.39846557,.34190133,.29033753,.2332525,.20041026,.1557495,.12856759,.11091941,.06369701,.055063799,.033199463,.021256125,.021090373,.011915054,.0083642621,.0056108246,.0029257268,.0024873542,.0013635694
.00088876917,.00052014337,.00024812776,.00017053921,.000058352962,.000022604974,.000013130116,0,0,0,0,0,0,0,0,0,0,0,0,0
.19409709,.13373671,.079929583,.055734787,.028505936,.015410432,.0083401017,.0051081437,.0015227497,.0011517289,.00034344519,.000067668996,.0000658957,.000022464754,.000016230912,0,0,0,0,0
.13123775,.091985777,.053860612,.04716571,.019221608,.020686595,.0068647577,.0033994496,.0009101351,.00061850861,.00018675503,.00033015315,.000086720305,.000027423692,.000014525653,0,0,0,0,0
.075054608,.032610513,.021335678,.013176348,.0048247888,.002511577,.00055615726,.00045264891,.000079784986,.00004080245,0,.000010843401,0,0,0,0,0,0,0,0
.71433222,.86034614,.98187697,.91469604,.78004247,.65507925,.47885036,.38899928,.32470641,.27003148,.18596834,.14635265,.061504208,.024571719,.01986466,.0096136164,.0049954378,.0044777817,.0022854586,.0011154154
.11372636,.14582977,.17376159,.23127495,.29710117,.33659115,.44560316,.53319871,.64089,.80520606,.74054855,.929259,.83178365,.79602659,.62001783,.27694204,.34270182,.23151149,.30875158,.088111691
.95961976,.91895705,.8199724,.65897292,.56232685,.39710569,.29810566,.20942242,.15699409,.16075207,.054826465,.028951494,.0099078063,.014590127,.0050301412,.0016333276,.0011743682,.0015467092,.00013930991,.00010700364
.91719419,.82477468,.70370632,.61290413,.53011274,.37418547,.33085462,.28612363,.19121768,.16326027,.093264967,.075399727,.061453812,.024258949,.018585486,.010735639,.0098777078,.0079906527,.0031897214,.0026599546
.007868005,.0050787157,.0030669875,.0020024723,.0011600299,.00064724061,.00043720836,.00019348673,.00012454842,.000043284188,.000029151235,.00001176541,0,0,0,0,0,0,0,0
.29218885,.23159184,.17511697,.13987166,.081286527,.063472643,.044452108,.029967546,.017231481,.010622238,.0073891035,.0044232942,.0029282556,.0011215786,.00063613168,.00029961736,.000084084706,.000052523363,.000025051151,.000013094593
.62683731,.53878152,.45649198,.34303761,.27844125,.25016236,.17856805,.12771469,.10265753,.07738588,.036100052,.034971029,.024749234,.01139186,.00698813,.0047261156,.0030553737,.00077359186,.0014836917,.00023138786
.38140011,.45206392,.55681401,.65055037,.69783682,.77081138,.97818834,.79661888,.65150803,.72146308,.42043254,.38066706,.3519406,.27098283,.15800174,.099383004,.037382819,.034658831,.061271675,.0083808918
.84272122,.98695576,.78719383,.67602253,.58543009,.45224324,.30468208,.26236159,.15572694,.12276431,.050036844,.030562431,.035259549,.011878868,.0098967813,.0039893268,.00084269908,.00028149251,.000059707068,.000065459782
.38068137,.46138903,.53538662,.65361172,.75395679,.8409003,.98108107,.85621053,.80505723,.72785366,.53455174,.44697729,.40358609,.22628467,.16714515,.11278685,.093374155,.070384346,.012708079,.024729945
.72849375,.62576622,.49795109,.32981631,.32138738,.28414011,.16481327,.13979971,.11316969,.043694749,.048270412,.039469119,.021613287,.011293788,.004974877,.0025348966,.00094526273,.0011439914,.00035840151,.00017492694
.19373462,.13964027,.089011662,.062778436,.04179395,.024595547,.012938774,.0063475366,.0048188609,.0014042662,.001659307,.00041049835,.00012473532,.0001286265,.00011296426,.000021033668,.00002422585,0,0,0
.50624156,.42241815,.31464806,.2432881,.16629955,.1308458,.08864107,.050435562,.04124134,.038615115,.013986743,.0085429735,.0032376067,.0042275246,.0016209296,.0024079317,.00029410122,.00036806127,.000032511663,.00002693092
.86944002,.9967621,.85623831,.7135489,.66815662,.49139658,.48743197,.33837458,.25569254,.21005462,.14384578,.078144334,.093048573,.041244492,.034643419,.0088402778,.010601836,.0049426211,.0026628936,.00073394302
.43403792,.52007622,.62414736,.71649694,.9639861,.84750426,.78012359,.5670287,.5721994,.48990908,.390394,.15351462,.090887018,.13108222,.027125122,.023115329,.0064783101,.0077359052,.0027993191,.0026667074
.57701898,.68971264,.78023195,.91658509,.9710654,.8579731,.66422826,.6161539,.482052,.40455183,.22656795,.213539,.13025586,.097462855,.069426939,.047163464,.031954277,.014862287,.0073336517,.0051861159
.9513762,.87043023,.78014624,.69675571,.58467728,.54953188,.4599632,.36338204,.340579,.20643808,.20385364,.16226317,.11366154,.048311085,.058542192,.071557164,.043094397,.030439926,.009558917,.011160258
.42495456,.49231264,.61963141,.67888749,.84075117,.9302035,.83140624,.74038982,.72025186,.5689941,.4126482,.34894282,.13685836,.1306469,.060592838,.088542387,.017901409,.012547414,.0094305258,.0062824334
.39866567,.301938,.23769639,.17481798,.12830645,.082832612,.060510717,.033703584,.014964703,.0065035489,.0063202279,.0041591171,.0014918011,.00092081446,.00020658816,.000072893781,.000056809135,.000041970325,.000018368049,0
.79431289,.99491751,.81705809,.57658774,.47367728,.29635194,.1815013,.11076857,.057686344,.040237468,.020092007,.0084962957,.0019315197,.00064877787,.0004550266,.000030516616,.000055718807,.000015181587,0,0
